[2023-07-29 13:26:33,755 WARNING] USE GPU: 0 for training
[2023-07-29 13:26:33,817 INFO] Number of Trainable Params: 1475284
[2023-07-29 13:26:37,051 INFO] model_arch: <models.shrinkmatch.shrinkmatch.ShrinkMatch object at 0x7f1174cad040>
[2023-07-29 13:26:37,052 INFO] Arguments: Namespace(T=0.5, alg='shrinkmatch', amp=False, batch_size=64, bn_momentum=0.0010000000000000009, c='config/shrinkmatch_svhn_40labels_seed2.yaml', clip=0, data_dir='./data', dataset='svhn', depth=28, dist_backend='nccl', dist_url='tcp://127.0.0.1:24313', distributed=True, dropout=0.0, ema_m=0.999, epoch=1, eval_batch_size=1024, gpu=0, hard_label=True, leaky_slope=0.1, load_path='None', lr=0.03, momentum=0.9, multiprocessing_distributed=True, net='WideResNet', net_from_name=False, num_classes=10, num_eval_iter=5000, num_labels=40, num_train_iter=1048576, num_workers=1, optim='SGD', overwrite=False, p_cutoff=0.95, rank=0, resume=False, save_dir='./exp', save_name='shrinkmatch_svhn_40labels_seed2', seed=2, train_sampler='RandomSampler', ulb_loss_ratio=1.0, uratio=7, use_da=False, use_tensorboard=True, weight_decay=0.0005, widen_factor=2, world_size=1)
[2023-07-29 13:27:17,936 INFO] [!] data loader keys: dict_keys(['train_lb', 'train_ulb', 'eval'])
[2023-07-29 13:27:32,739 INFO] confusion matrix:
[[0.00000000e+00 0.00000000e+00 0.00000000e+00 4.01376147e-03
  3.43463303e-01 0.00000000e+00 5.73394495e-04 0.00000000e+00
  6.51949541e-01 0.00000000e+00]
 [0.00000000e+00 0.00000000e+00 0.00000000e+00 3.53010394e-03
  3.92822122e-01 0.00000000e+00 7.84467543e-04 0.00000000e+00
  6.02863307e-01 0.00000000e+00]
 [0.00000000e+00 0.00000000e+00 0.00000000e+00 4.57941673e-03
  3.82983852e-01 0.00000000e+00 0.00000000e+00 0.00000000e+00
  6.12436732e-01 0.00000000e+00]
 [0.00000000e+00 0.00000000e+00 0.00000000e+00 2.08188758e-03
  3.76821652e-01 0.00000000e+00 0.00000000e+00 0.00000000e+00
  6.21096461e-01 0.00000000e+00]
 [0.00000000e+00 0.00000000e+00 0.00000000e+00 2.37812128e-03
  3.78913991e-01 0.00000000e+00 7.92707095e-04 0.00000000e+00
  6.17915180e-01 0.00000000e+00]
 [0.00000000e+00 0.00000000e+00 0.00000000e+00 1.67785235e-03
  3.84228188e-01 0.00000000e+00 4.19463087e-04 0.00000000e+00
  6.13674497e-01 0.00000000e+00]
 [0.00000000e+00 0.00000000e+00 0.00000000e+00 2.52908447e-03
  3.76833586e-01 0.00000000e+00 1.01163379e-03 0.00000000e+00
  6.19625695e-01 0.00000000e+00]
 [0.00000000e+00 0.00000000e+00 0.00000000e+00 3.96235760e-03
  3.93759287e-01 0.00000000e+00 0.00000000e+00 0.00000000e+00
  6.02278356e-01 0.00000000e+00]
 [0.00000000e+00 0.00000000e+00 0.00000000e+00 1.20481928e-03
  3.68072289e-01 0.00000000e+00 0.00000000e+00 0.00000000e+00
  6.30722892e-01 0.00000000e+00]
 [0.00000000e+00 0.00000000e+00 0.00000000e+00 4.38871473e-03
  3.44827586e-01 0.00000000e+00 0.00000000e+00 0.00000000e+00
  6.50783699e-01 0.00000000e+00]]
[2023-07-29 13:31:23,132 INFO] model saved: ./exp/shrinkmatch_svhn_40labels_seed2/latest_model.pth
[2023-07-29 13:31:41,355 INFO] confusion matrix:
[[0.00000000e+00 0.00000000e+00 0.00000000e+00 4.01376147e-03
  3.45183486e-01 0.00000000e+00 5.73394495e-04 0.00000000e+00
  6.50229358e-01 0.00000000e+00]
 [0.00000000e+00 0.00000000e+00 0.00000000e+00 3.72622083e-03
  3.95175525e-01 0.00000000e+00 7.84467543e-04 0.00000000e+00
  6.00313787e-01 0.00000000e+00]
 [0.00000000e+00 0.00000000e+00 0.00000000e+00 4.09737286e-03
  3.87804290e-01 0.00000000e+00 0.00000000e+00 0.00000000e+00
  6.08098337e-01 0.00000000e+00]
 [0.00000000e+00 0.00000000e+00 0.00000000e+00 2.08188758e-03
  3.80291464e-01 0.00000000e+00 0.00000000e+00 0.00000000e+00
  6.17626648e-01 0.00000000e+00]
 [0.00000000e+00 0.00000000e+00 0.00000000e+00 2.37812128e-03
  3.83670234e-01 0.00000000e+00 7.92707095e-04 0.00000000e+00
  6.13158938e-01 0.00000000e+00]
 [0.00000000e+00 0.00000000e+00 0.00000000e+00 1.67785235e-03
  3.86744966e-01 0.00000000e+00 4.19463087e-04 0.00000000e+00
  6.11157718e-01 0.00000000e+00]
 [0.00000000e+00 0.00000000e+00 0.00000000e+00 2.52908447e-03
  3.79868488e-01 0.00000000e+00 1.01163379e-03 0.00000000e+00
  6.16590794e-01 0.00000000e+00]
 [0.00000000e+00 0.00000000e+00 0.00000000e+00 3.96235760e-03
  3.98216939e-01 0.00000000e+00 4.95294700e-04 0.00000000e+00
  5.97325409e-01 0.00000000e+00]
 [0.00000000e+00 0.00000000e+00 0.00000000e+00 1.20481928e-03
  3.69879518e-01 0.00000000e+00 0.00000000e+00 0.00000000e+00
  6.28915663e-01 0.00000000e+00]
 [0.00000000e+00 0.00000000e+00 0.00000000e+00 4.38871473e-03
  3.47962382e-01 0.00000000e+00 0.00000000e+00 0.00000000e+00
  6.47648903e-01 0.00000000e+00]]
[2023-07-29 13:31:41,364 INFO] 0 iteration, USE_EMA: True, {'train/sup_loss': tensor(2.3944, device='cuda:0'), 'train/certain_loss': tensor(0., device='cuda:0'), 'train/shrink_loss': tensor(0.0046, device='cuda:0'), 'train/shrink_loss_reweighted': tensor(0., device='cuda:0'), 'train/removed_class_idx': 8.995535513492511, 'train/uncertainty_avg': 0.17452238586199104, 'train/certain_ratio_ema': 0.0, 'train/total_loss': tensor(2.3944, device='cuda:0'), 'train/mask_ratio': tensor(0., device='cuda:0'), 'lr': 0.029999999999974228, 'train/prefecth_time': 227.5343125, 'train/run_time': 7.93390185546875, 'eval/loss': tensor(19.2730, device='cuda:0'), 'eval/top-1-acc': 0.07759680393362016, 'eval/top-5-acc': 0.4552473878303626, 'eval/precision': 0.04185494579363504, 'eval/recall': 0.10156794178658346, 'eval/F1': 0.027965822169368427, 'eval/AUC': 0.5043479247910755}, BEST_EVAL_ACC: 0.07759680393362016, at 0 iters
[2023-07-29 13:31:41,516 INFO] model saved: ./exp/shrinkmatch_svhn_40labels_seed2/model_best.pth
[2023-07-29 14:09:40,538 INFO] model saved: ./exp/shrinkmatch_svhn_40labels_seed2/latest_model.pth
[2023-07-29 14:09:50,655 INFO] confusion matrix:
[[0.15940367 0.04300459 0.37327982 0.03383028 0.03268349 0.05332569
  0.03268349 0.13704128 0.05905963 0.07568807]
 [0.15552069 0.10001961 0.37026868 0.01804275 0.04549912 0.04844087
  0.02020004 0.15238282 0.01568935 0.07393607]
 [0.08917812 0.07712702 0.42588576 0.01663051 0.04314293 0.06941432
  0.03470716 0.11882381 0.01253314 0.11255724]
 [0.10617627 0.08501041 0.40909091 0.01804303 0.04927134 0.06210965
  0.03920888 0.11138099 0.01145038 0.10825815]
 [0.11414982 0.10146651 0.38803012 0.01268331 0.04201348 0.05707491
  0.02259215 0.13357115 0.00792707 0.12049148]
 [0.1010906  0.05872483 0.42491611 0.02223154 0.04152685 0.08095638
  0.03355705 0.12374161 0.01384228 0.09941275]
 [0.1466869  0.04350025 0.38391502 0.02124431 0.0419828  0.06170966
  0.04451189 0.12594841 0.03186646 0.09863429]
 [0.13224368 0.10747895 0.38385339 0.01584943 0.04259534 0.05943536
  0.02971768 0.13323427 0.00990589 0.08568598]
 [0.15060241 0.04518072 0.37228916 0.02771084 0.02831325 0.06566265
  0.03975904 0.14457831 0.03253012 0.09337349]
 [0.13918495 0.0539185  0.38495298 0.02319749 0.03636364 0.0677116
  0.02946708 0.13918495 0.03260188 0.09341693]]
[2023-07-29 14:09:50,665 INFO] 5000 iteration, USE_EMA: True, {'train/sup_loss': tensor(0.0015, device='cuda:0'), 'train/certain_loss': tensor(0.2985, device='cuda:0'), 'train/shrink_loss': tensor(0.3541, device='cuda:0'), 'train/shrink_loss_reweighted': tensor(0.1323, device='cuda:0'), 'train/removed_class_idx': 4.137323797981557, 'train/uncertainty_avg': 0.6675811715315901, 'train/certain_ratio_ema': 0.37355444246289976, 'train/total_loss': tensor(0.4323, device='cuda:0'), 'train/mask_ratio': tensor(0.3661, device='cuda:0'), 'lr': 0.029999355445794247, 'train/prefecth_time': 0.004745632171630859, 'train/run_time': 0.4208634033203125, 'eval/loss': tensor(5.6399, device='cuda:0'), 'eval/top-1-acc': 0.13314382298709282, 'eval/top-5-acc': 0.5543177627535341, 'eval/precision': 0.1180844167545829, 'eval/recall': 0.1130015124025141, 'eval/F1': 0.09693636488482668, 'eval/AUC': 0.5157065098506872}, BEST_EVAL_ACC: 0.13314382298709282, at 5000 iters
[2023-07-29 14:09:50,782 INFO] model saved: ./exp/shrinkmatch_svhn_40labels_seed2/model_best.pth
[2023-07-29 14:45:09,150 INFO] model saved: ./exp/shrinkmatch_svhn_40labels_seed2/latest_model.pth
[2023-07-29 14:45:31,630 INFO] confusion matrix:
[[0.32970183 0.03669725 0.23451835 0.01490826 0.0418578  0.06995413
  0.00401376 0.14793578 0.10263761 0.01777523]
 [0.347323   0.09570504 0.23200628 0.02000392 0.06216905 0.03333987
  0.00490292 0.15905079 0.03804668 0.00745244]
 [0.30151844 0.06338877 0.26825741 0.01638949 0.06507592 0.08411665
  0.0098819  0.13208002 0.03398409 0.0253073 ]
 [0.31471201 0.06315059 0.26058293 0.01943095 0.06419153 0.08743928
  0.00971548 0.12144344 0.04024983 0.01908397]
 [0.30043599 0.09750297 0.29369798 0.01902497 0.05984939 0.05073325
  0.00396354 0.14070551 0.01942132 0.01466508]
 [0.28733221 0.04110738 0.28145973 0.02474832 0.0511745  0.10738255
  0.01468121 0.11786913 0.04614094 0.02810403]
 [0.33737987 0.03085483 0.23520486 0.01568032 0.06170966 0.0839656
  0.01062215 0.12291351 0.07637835 0.02529084]
 [0.34720158 0.0842001  0.24517088 0.02278356 0.05695889 0.05200594
  0.00693413 0.15700842 0.02030708 0.00742942]
 [0.33012048 0.0253012  0.20783133 0.01626506 0.04939759 0.10301205
  0.01084337 0.12590361 0.08915663 0.04216867]
 [0.30721003 0.04137931 0.230721   0.02445141 0.0476489  0.09028213
  0.01253918 0.13166144 0.07084639 0.04326019]]
[2023-07-29 14:45:31,638 INFO] 10000 iteration, USE_EMA: True, {'train/sup_loss': tensor(0.2635, device='cuda:0'), 'train/certain_loss': tensor(0.3285, device='cuda:0'), 'train/shrink_loss': tensor(0.3034, device='cuda:0'), 'train/shrink_loss_reweighted': tensor(0.1362, device='cuda:0'), 'train/removed_class_idx': 3.4110670588511045, 'train/uncertainty_avg': 0.6908161150373225, 'train/certain_ratio_ema': 0.44901116792380535, 'train/total_loss': tensor(0.7282, device='cuda:0'), 'train/mask_ratio': tensor(0.4353, device='cuda:0'), 'lr': 0.02999742232637523, 'train/prefecth_time': 0.005577023983001709, 'train/run_time': 0.37542501831054687, 'eval/loss': tensor(6.5259, device='cuda:0'), 'eval/top-1-acc': 0.12269514443761524, 'eval/top-5-acc': 0.5368776889981561, 'eval/precision': 0.13102821983023566, 'eval/recall': 0.11803745625906933, 'eval/F1': 0.09936267525774378, 'eval/AUC': 0.5203512997838841}, BEST_EVAL_ACC: 0.13314382298709282, at 5000 iters
[2023-07-29 15:19:46,496 INFO] model saved: ./exp/shrinkmatch_svhn_40labels_seed2/latest_model.pth
[2023-07-29 15:19:57,282 INFO] confusion matrix:
[[0.39449541 0.01834862 0.125      0.01490826 0.06077982 0.07052752
  0.00573394 0.14449541 0.15424312 0.01146789]
 [0.39968621 0.08668366 0.12002353 0.01333595 0.07942734 0.00862914
  0.00215729 0.196313   0.09276329 0.00098058]
 [0.36996867 0.0318149  0.17281273 0.01831767 0.08218848 0.09689082
  0.00747168 0.14099783 0.06435286 0.01518438]
 [0.37473976 0.02741152 0.16759195 0.02151284 0.07911173 0.10097155
  0.00693963 0.13185288 0.07876475 0.0111034 ]
 [0.36305985 0.07134364 0.19460959 0.01149425 0.0776853  0.03408641
  0.00356718 0.1680539  0.07094728 0.0051526 ]
 [0.35528523 0.01510067 0.1795302  0.03271812 0.06124161 0.12080537
  0.01342282 0.12458054 0.07676174 0.02055369]
 [0.38543247 0.00859889 0.14314618 0.01972686 0.0687911  0.09205867
  0.01820941 0.12038442 0.1138088  0.0298432 ]
 [0.41059931 0.08320951 0.13967311 0.01931649 0.07033185 0.01931649
  0.00247647 0.19465082 0.05943536 0.00099059]
 [0.40843373 0.00662651 0.10180723 0.01987952 0.05963855 0.1186747
  0.01385542 0.11385542 0.11144578 0.04578313]
 [0.36489028 0.01128527 0.13416928 0.02507837 0.06708464 0.11786834
  0.01191223 0.13166144 0.09216301 0.04388715]]
[2023-07-29 15:19:57,291 INFO] 15000 iteration, USE_EMA: True, {'train/sup_loss': tensor(0.0008, device='cuda:0'), 'train/certain_loss': tensor(0.2210, device='cuda:0'), 'train/shrink_loss': tensor(0.2272, device='cuda:0'), 'train/shrink_loss_reweighted': tensor(0.1065, device='cuda:0'), 'train/removed_class_idx': 3.460250901244732, 'train/uncertainty_avg': 0.6942590136589529, 'train/certain_ratio_ema': 0.46883745879791683, 'train/total_loss': tensor(0.3283, device='cuda:0'), 'train/mask_ratio': tensor(0.4665, device='cuda:0'), 'lr': 0.029994200724750647, 'train/prefecth_time': 0.004728384017944336, 'train/run_time': 0.358857177734375, 'eval/loss': tensor(6.8913, device='cuda:0'), 'eval/top-1-acc': 0.11820067609096496, 'eval/top-5-acc': 0.532498463429625, 'eval/precision': 0.15793548697632007, 'eval/recall': 0.12421884608816067, 'eval/F1': 0.10287350496902066, 'eval/AUC': 0.533550917840341}, BEST_EVAL_ACC: 0.13314382298709282, at 5000 iters
[2023-07-29 15:52:22,203 INFO] model saved: ./exp/shrinkmatch_svhn_40labels_seed2/latest_model.pth
[2023-07-29 15:52:46,599 INFO] confusion matrix:
[[5.99770642e-01 1.26146789e-02 9.00229358e-02 1.43348624e-02
  4.81651376e-02 8.71559633e-02 4.01376147e-03 4.47247706e-02
  9.11697248e-02 8.02752294e-03]
 [5.93253579e-01 8.57030790e-02 7.45244166e-02 6.27574034e-03
  4.39301824e-02 7.64855854e-03 7.84467543e-04 8.94292999e-02
  9.78623259e-02 5.88350657e-04]
 [5.54832490e-01 1.39792721e-02 1.50638708e-01 1.78356230e-02
  5.85683297e-02 1.07495782e-01 6.74861412e-03 4.02506628e-02
  4.16967944e-02 7.95372379e-03]
 [5.81540597e-01 1.17973629e-02 1.12074948e-01 2.01249133e-02
  5.69049271e-02 1.17279667e-01 6.24566273e-03 3.88619015e-02
  4.85773768e-02 6.59264400e-03]
 [5.64407451e-01 4.79587792e-02 1.52199762e-01 5.15259612e-03
  5.46967895e-02 4.00317083e-02 3.17082838e-03 5.70749108e-02
  7.37217598e-02 1.58541419e-03]
 [5.54949664e-01 5.03355705e-03 1.14513423e-01 3.10402685e-02
  4.73993289e-02 1.42197987e-01 9.22818792e-03 3.18791946e-02
  5.03355705e-02 1.34228188e-02]
 [5.87759231e-01 5.05816894e-03 9.30703085e-02 1.66919575e-02
  5.46282246e-02 1.03692463e-01 1.36570561e-02 2.83257461e-02
  7.13201821e-02 2.57966616e-02]
 [5.89400693e-01 7.13224368e-02 1.22337791e-01 1.38682516e-02
  3.96235760e-02 1.78306092e-02 1.98117880e-03 9.21248143e-02
  5.15106488e-02 0.00000000e+00]
 [6.01807229e-01 3.01204819e-03 6.50602410e-02 2.10843373e-02
  4.57831325e-02 1.16265060e-01 1.32530120e-02 2.34939759e-02
  6.62650602e-02 4.39759036e-02]
 [5.84952978e-01 6.26959248e-03 7.96238245e-02 2.13166144e-02
  5.51724138e-02 1.22884013e-01 1.37931034e-02 3.57366771e-02
  4.76489028e-02 3.26018809e-02]]
[2023-07-29 15:52:46,608 INFO] 20000 iteration, USE_EMA: True, {'train/sup_loss': tensor(0.0006, device='cuda:0'), 'train/certain_loss': tensor(0.1802, device='cuda:0'), 'train/shrink_loss': tensor(0.0906, device='cuda:0'), 'train/shrink_loss_reweighted': tensor(0.0496, device='cuda:0'), 'train/removed_class_idx': 3.19387738806748, 'train/uncertainty_avg': 0.7139543407329303, 'train/certain_ratio_ema': 0.547527272398441, 'train/total_loss': tensor(0.2304, device='cuda:0'), 'train/mask_ratio': tensor(0.5625, device='cuda:0'), 'lr': 0.02998969077929826, 'train/prefecth_time': 0.004241087913513184, 'train/run_time': 0.3248143310546875, 'eval/loss': tensor(7.4000, device='cuda:0'), 'eval/top-1-acc': 0.11593423478795328, 'eval/top-5-acc': 0.5690688383527965, 'eval/precision': 0.1769372903639081, 'eval/recall': 0.125778093025638, 'eval/F1': 0.09668184902723398, 'eval/AUC': 0.5452777057639844}, BEST_EVAL_ACC: 0.13314382298709282, at 5000 iters
[2023-07-29 16:24:40,190 INFO] model saved: ./exp/shrinkmatch_svhn_40labels_seed2/latest_model.pth
[2023-07-29 16:24:50,453 INFO] confusion matrix:
[[6.35321101e-01 1.14678899e-02 6.30733945e-03 1.43348624e-02
  4.93119266e-02 1.73738532e-01 7.45412844e-03 5.73394495e-03
  8.42889908e-02 1.20412844e-02]
 [6.16591489e-01 9.57050402e-02 1.17670131e-03 1.56893509e-03
  4.64797019e-02 1.51010002e-02 2.15728574e-03 1.43753677e-01
  7.55050010e-02 1.96116886e-03]
 [6.02072789e-01 3.06097855e-02 6.82092070e-02 2.45842372e-02
  5.63991323e-02 1.55459147e-01 1.15690528e-02 4.57941673e-03
  4.33839479e-02 3.13328513e-03]
 [6.12768910e-01 2.04718945e-02 2.53296322e-02 2.53296322e-02
  5.65579459e-02 1.87369882e-01 1.38792505e-02 3.46981263e-03
  4.78834143e-02 6.93962526e-03]
 [6.27427665e-01 8.40269520e-02 6.73801031e-03 3.56718193e-03
  6.81728101e-02 8.87831946e-02 6.73801031e-03 3.21046373e-02
  7.64962346e-02 5.94530321e-03]
 [6.01929530e-01 9.22818792e-03 2.39093960e-02 1.97147651e-02
  4.78187919e-02 2.24832215e-01 1.30033557e-02 2.09731544e-03
  4.65604027e-02 1.09060403e-02]
 [6.05968639e-01 8.59888720e-03 1.46686899e-02 1.16337886e-02
  5.41224077e-02 1.90692969e-01 2.57966616e-02 3.03490137e-03
  6.47445625e-02 2.07384927e-02]
 [6.42397226e-01 8.56859832e-02 2.47647350e-03 2.97176820e-03
  3.31847449e-02 2.42694403e-02 4.45765230e-03 1.52550768e-01
  5.20059435e-02 0.00000000e+00]
 [5.89759036e-01 3.61445783e-03 1.26506024e-02 9.63855422e-03
  4.57831325e-02 2.07831325e-01 1.98795181e-02 6.02409639e-04
  6.68674699e-02 4.33734940e-02]
 [5.89968652e-01 5.64263323e-03 2.00626959e-02 1.25391850e-02
  5.39184953e-02 1.99373041e-01 1.69278997e-02 3.13479624e-03
  5.14106583e-02 4.70219436e-02]]
[2023-07-29 16:24:50,461 INFO] 25000 iteration, USE_EMA: True, {'train/sup_loss': tensor(0.0013, device='cuda:0'), 'train/certain_loss': tensor(0.1892, device='cuda:0'), 'train/shrink_loss': tensor(0.1162, device='cuda:0'), 'train/shrink_loss_reweighted': tensor(0.0632, device='cuda:0'), 'train/removed_class_idx': 3.110526152077571, 'train/uncertainty_avg': 0.7164162395205309, 'train/certain_ratio_ema': 0.5442430585992113, 'train/total_loss': tensor(0.2537, device='cuda:0'), 'train/mask_ratio': tensor(0.5759, device='cuda:0'), 'lr': 0.0299838926837342, 'train/prefecth_time': 0.004981311798095703, 'train/run_time': 0.3420803833007813, 'eval/loss': tensor(7.2559, device='cuda:0'), 'eval/top-1-acc': 0.12311770129071911, 'eval/top-5-acc': 0.6167409342347879, 'eval/precision': 0.2307029722352587, 'eval/recall': 0.14098068480393147, 'eval/F1': 0.1107925974621909, 'eval/AUC': 0.575015131333901}, BEST_EVAL_ACC: 0.13314382298709282, at 5000 iters
[2023-07-29 16:54:29,222 INFO] model saved: ./exp/shrinkmatch_svhn_40labels_seed2/latest_model.pth
[2023-07-29 16:54:52,380 INFO] confusion matrix:
[[3.99082569e-01 1.14678899e-03 9.17431193e-03 6.88073394e-03
  7.45412844e-03 2.24770642e-01 2.29357798e-03 2.86697248e-03
  1.42775229e-01 2.03555046e-01]
 [2.54951951e-01 7.39360659e-02 6.47185723e-03 3.92233771e-04
  1.09040988e-01 8.43302608e-03 1.96116886e-04 2.75348107e-01
  1.72190626e-01 9.90390273e-02]
 [8.19474572e-03 4.82043866e-03 7.73680405e-01 2.41021933e-03
  8.43576765e-03 1.07736804e-01 0.00000000e+00 5.30248253e-03
  5.37478911e-02 3.56712461e-02]
 [1.59958362e-01 5.89868147e-03 3.40041638e-02 1.79042332e-01
  5.55170021e-03 2.35600278e-01 6.59264400e-03 3.12283137e-03
  1.16585704e-01 2.53643303e-01]
 [1.71621086e-01 4.32025367e-02 3.21046373e-02 7.92707095e-04
  1.86682521e-01 1.47443520e-01 0.00000000e+00 3.80499405e-02
  1.75980975e-01 2.04122077e-01]
 [1.68624161e-01 3.77516779e-03 1.00671141e-02 1.29614094e-01
  5.45302013e-03 2.68036913e-01 2.93624161e-03 1.67785235e-03
  1.08221477e-01 3.01593960e-01]
 [2.30146687e-01 4.04653515e-03 1.51745068e-03 2.73141123e-02
  6.06980273e-03 2.26100152e-01 1.26454224e-02 1.01163379e-03
  1.32524026e-01 3.58624178e-01]
 [2.30807330e-01 2.12976721e-02 9.90589401e-03 3.46706290e-03
  9.46012878e-02 9.90589401e-03 0.00000000e+00 4.39326399e-01
  1.12431897e-01 7.82565627e-02]
 [2.17469880e-01 1.20481928e-03 4.21686747e-03 6.02409639e-03
  6.62650602e-03 2.68674699e-01 1.44578313e-02 0.00000000e+00
  1.40361446e-01 3.40963855e-01]
 [1.73667712e-01 3.76175549e-03 5.57993730e-02 4.38871473e-03
  9.40438871e-03 2.44514107e-01 6.89655172e-03 3.13479624e-03
  1.10344828e-01 3.88087774e-01]]
[2023-07-29 16:54:52,388 INFO] 30000 iteration, USE_EMA: True, {'train/sup_loss': tensor(0.0008, device='cuda:0'), 'train/certain_loss': tensor(0.1907, device='cuda:0'), 'train/shrink_loss': tensor(0.0748, device='cuda:0'), 'train/shrink_loss_reweighted': tensor(0.0475, device='cuda:0'), 'train/removed_class_idx': 2.5298011569668106, 'train/uncertainty_avg': 0.7713292472379989, 'train/certain_ratio_ema': 0.6348025282337194, 'train/total_loss': tensor(0.2390, device='cuda:0'), 'train/mask_ratio': tensor(0.6629, device='cuda:0'), 'lr': 0.029976806687104632, 'train/prefecth_time': 0.01094035243988037, 'train/run_time': 0.31383831787109373, 'eval/loss': tensor(4.9436, device='cuda:0'), 'eval/top-1-acc': 0.2947526121696374, 'eval/top-5-acc': 0.7160033804548248, 'eval/precision': 0.35815394978620996, 'eval/recall': 0.2860881846536225, 'eval/F1': 0.25960467642619184, 'eval/AUC': 0.7124074141531236}, BEST_EVAL_ACC: 0.2947526121696374, at 30000 iters
[2023-07-29 16:54:54,827 INFO] model saved: ./exp/shrinkmatch_svhn_40labels_seed2/model_best.pth
[2023-07-29 17:20:55,808 INFO] model saved: ./exp/shrinkmatch_svhn_40labels_seed2/latest_model.pth
[2023-07-29 17:21:17,632 INFO] confusion matrix:
[[7.88990826e-01 1.72018349e-03 4.58715596e-03 4.01376147e-03
  8.02752294e-03 9.00229358e-02 9.74770642e-03 4.01376147e-03
  6.99541284e-02 1.89220183e-02]
 [1.23553638e-02 1.24926456e-01 8.04079231e-03 1.76505197e-03
  5.19709747e-02 5.68738968e-03 1.76505197e-03 7.27005295e-01
  6.39341047e-02 2.54951951e-03]
 [1.44613160e-03 8.91781152e-03 8.40925524e-01 2.41021933e-03
  1.25331405e-02 8.12243914e-02 2.89226320e-03 8.91781152e-03
  3.75994215e-02 3.13328513e-03]
 [2.77585010e-03 8.32755031e-03 1.28383067e-02 2.66134629e-01
  1.94309507e-02 3.07772380e-01 2.74809160e-01 7.28660652e-03
  8.84802221e-02 1.21443442e-02]
 [1.98176774e-03 2.77447483e-03 2.57629806e-02 3.17082838e-03
  9.22314705e-01 3.17082838e-03 7.92707095e-04 1.22869600e-02
  2.53666270e-02 2.37812128e-03]
 [1.25838926e-03 1.25838926e-03 8.38926174e-03 1.28355705e-01
  1.00671141e-02 7.50000000e-01 1.42617450e-02 4.19463087e-03
  7.25671141e-02 9.64765101e-03]
 [1.16337886e-02 5.05816894e-03 1.51745068e-03 2.57966616e-02
  1.41628730e-02 1.49721801e-01 6.31259484e-01 2.52908447e-03
  1.36064745e-01 2.22559433e-02]
 [1.48588410e-03 3.86329866e-02 6.93412580e-03 7.42942051e-03
  4.45765230e-03 6.93412580e-03 0.00000000e+00 9.01436355e-01
  3.16988608e-02 9.90589401e-04]
 [3.61445783e-03 1.20481928e-03 3.61445783e-03 6.62650602e-03
  1.38554217e-02 1.53012048e-01 6.31325301e-01 3.01204819e-03
  1.50000000e-01 3.37349398e-02]
 [6.89655172e-03 3.13479624e-03 3.32288401e-02 6.26959248e-04
  6.89655172e-03 9.09090909e-02 3.76175549e-03 8.77742947e-03
  6.95924765e-02 7.76175549e-01]]
[2023-07-29 17:21:17,640 INFO] 35000 iteration, USE_EMA: True, {'train/sup_loss': tensor(0.0006, device='cuda:0'), 'train/certain_loss': tensor(0.1718, device='cuda:0'), 'train/shrink_loss': tensor(0.0721, device='cuda:0'), 'train/shrink_loss_reweighted': tensor(0.0560, device='cuda:0'), 'train/removed_class_idx': 2.344444183950646, 'train/uncertainty_avg': 0.7702558522572198, 'train/certain_ratio_ema': 0.7772978745756461, 'train/total_loss': tensor(0.2284, device='cuda:0'), 'train/mask_ratio': tensor(0.7991, device='cuda:0'), 'lr': 0.029968433093775056, 'train/prefecth_time': 0.00599894380569458, 'train/run_time': 0.30006317138671873, 'eval/loss': tensor(2.8950, device='cuda:0'), 'eval/top-1-acc': 0.5738706207744315, 'eval/top-5-acc': 0.9308543331284573, 'eval/precision': 0.6272528775284363, 'eval/recall': 0.6152163526812424, 'eval/F1': 0.5679151757188199, 'eval/AUC': 0.8993195934579509}, BEST_EVAL_ACC: 0.5738706207744315, at 35000 iters
[2023-07-29 17:21:19,425 INFO] model saved: ./exp/shrinkmatch_svhn_40labels_seed2/model_best.pth
[2023-07-29 17:45:28,965 INFO] model saved: ./exp/shrinkmatch_svhn_40labels_seed2/latest_model.pth
[2023-07-29 17:45:39,644 INFO] confusion matrix:
[[8.93348624e-01 0.00000000e+00 5.16055046e-03 2.29357798e-03
  2.86697248e-03 5.50458716e-02 1.66284404e-02 6.30733945e-03
  4.01376147e-03 1.43348624e-02]
 [1.70621691e-02 2.41223769e-02 6.47185723e-03 5.88350657e-04
  2.21612081e-02 3.53010394e-03 2.74563640e-03 9.17434791e-01
  2.94175328e-03 2.94175328e-03]
 [1.92817546e-03 2.41021933e-04 8.89852977e-01 3.13328513e-03
  1.01229212e-02 6.31477464e-02 5.06146059e-03 1.85586888e-02
  3.61532899e-03 4.33839479e-03]
 [3.46981263e-03 0.00000000e+00 1.21443442e-02 2.18251214e-01
  1.21443442e-02 2.69257460e-01 4.17071478e-01 1.73490632e-02
  3.99028452e-02 1.04094379e-02]
 [3.17082838e-03 0.00000000e+00 2.69520412e-02 3.17082838e-03
  9.41339675e-01 3.17082838e-03 7.92707095e-04 1.90249703e-02
  3.96353547e-04 1.98176774e-03]
 [1.67785235e-03 0.00000000e+00 4.19463087e-03 6.92114094e-02
  8.38926174e-03 8.85486577e-01 1.55201342e-02 7.13087248e-03
  4.19463087e-03 4.19463087e-03]
 [1.01163379e-02 5.05816894e-04 1.51745068e-03 1.21396055e-02
  9.10470410e-03 7.18259990e-02 8.71522509e-01 7.08143652e-03
  1.41628730e-02 2.02326758e-03]
 [2.97176820e-03 0.00000000e+00 2.47647350e-03 4.95294700e-03
  1.98117880e-03 2.47647350e-03 3.96235760e-03 9.78207033e-01
  1.98117880e-03 9.90589401e-04]
 [6.02409639e-03 0.00000000e+00 1.20481928e-03 1.80722892e-03
  1.26506024e-02 8.55421687e-02 3.91566265e-02 6.02409639e-03
  8.31325301e-01 1.62650602e-02]
 [1.12852665e-02 6.26959248e-04 1.63009404e-02 6.26959248e-04
  5.01567398e-03 5.76802508e-02 3.13479624e-03 8.15047022e-03
  1.00313480e-02 8.87147335e-01]]
[2023-07-29 17:45:39,655 INFO] 40000 iteration, USE_EMA: True, {'train/sup_loss': tensor(0.0001, device='cuda:0'), 'train/certain_loss': tensor(0.1369, device='cuda:0'), 'train/shrink_loss': tensor(0.0423, device='cuda:0'), 'train/shrink_loss_reweighted': tensor(0.0358, device='cuda:0'), 'train/removed_class_idx': 2.4084503650069906, 'train/uncertainty_avg': 0.7561741350696389, 'train/certain_ratio_ema': 0.8460450435575477, 'train/total_loss': tensor(0.1729, device='cuda:0'), 'train/mask_ratio': tensor(0.8415, device='cuda:0'), 'lr': 0.029958772263417244, 'train/prefecth_time': 0.005041312217712402, 'train/run_time': 0.27799240112304685, 'eval/loss': tensor(2.8329, device='cuda:0'), 'eval/top-1-acc': 0.6523125384142594, 'eval/top-5-acc': 0.938959741856177, 'eval/precision': 0.765776493757124, 'eval/recall': 0.7420603622681015, 'eval/F1': 0.6688787624754546, 'eval/AUC': 0.9524373898107171}, BEST_EVAL_ACC: 0.6523125384142594, at 40000 iters
[2023-07-29 17:45:54,259 INFO] model saved: ./exp/shrinkmatch_svhn_40labels_seed2/model_best.pth
[2023-07-29 18:09:31,881 INFO] model saved: ./exp/shrinkmatch_svhn_40labels_seed2/latest_model.pth
[2023-07-29 18:09:42,244 INFO] confusion matrix:
[[9.08830275e-01 0.00000000e+00 4.01376147e-03 5.73394495e-04
  1.72018349e-03 4.75917431e-02 1.26146789e-02 6.88073394e-03
  2.29357798e-03 1.54816514e-02]
 [1.17670131e-02 2.98097666e-02 5.09903903e-03 7.84467543e-04
  1.21592469e-02 3.33398706e-03 3.13787017e-03 9.31162973e-01
  1.37281820e-03 1.37281820e-03]
 [1.44613160e-03 2.41021933e-04 8.94191371e-01 1.68715353e-03
  8.91781152e-03 5.73632201e-02 5.54350446e-03 2.28970836e-02
  3.61532899e-03 4.09737286e-03]
 [2.08188758e-03 0.00000000e+00 9.36849410e-03 2.05412908e-01
  1.07564192e-02 2.77585010e-01 4.34767523e-01 2.63705760e-02
  2.11658570e-02 1.24913255e-02]
 [2.77447483e-03 0.00000000e+00 3.05192231e-02 2.37812128e-03
  9.40150614e-01 2.77447483e-03 7.92707095e-04 1.82322632e-02
  3.96353547e-04 1.98176774e-03]
 [8.38926174e-04 4.19463087e-04 3.77516779e-03 4.90771812e-02
  7.55033557e-03 9.10654362e-01 1.13255034e-02 8.80872483e-03
  2.51677852e-03 5.03355705e-03]
 [7.58725341e-03 5.05816894e-04 1.01163379e-03 6.06980273e-03
  5.05816894e-03 6.82852807e-02 8.97319170e-01 6.57561963e-03
  6.06980273e-03 1.51745068e-03]
 [2.97176820e-03 0.00000000e+00 2.47647350e-03 1.48588410e-03
  1.98117880e-03 1.98117880e-03 2.97176820e-03 9.82664685e-01
  2.47647350e-03 9.90589401e-04]
 [6.02409639e-03 0.00000000e+00 6.02409639e-04 1.20481928e-03
  8.43373494e-03 7.04819277e-02 2.71084337e-02 6.62650602e-03
  8.67469880e-01 1.20481928e-02]
 [1.00313480e-02 0.00000000e+00 1.50470219e-02 0.00000000e+00
  4.38871473e-03 5.76802508e-02 3.76175549e-03 1.06583072e-02
  5.64263323e-03 8.92789969e-01]]
[2023-07-29 18:09:42,252 INFO] 45000 iteration, USE_EMA: True, {'train/sup_loss': tensor(0.0003, device='cuda:0'), 'train/certain_loss': tensor(0.1124, device='cuda:0'), 'train/shrink_loss': tensor(0.0327, device='cuda:0'), 'train/shrink_loss_reweighted': tensor(0.0283, device='cuda:0'), 'train/removed_class_idx': 2.4561399199754526, 'train/uncertainty_avg': 0.7779783527860424, 'train/certain_ratio_ema': 0.8662713206124357, 'train/total_loss': tensor(0.1409, device='cuda:0'), 'train/mask_ratio': tensor(0.8728, device='cuda:0'), 'lr': 0.029947824610993785, 'train/prefecth_time': 0.005056479930877686, 'train/run_time': 0.26065576171875, 'eval/loss': tensor(2.8633, device='cuda:0'), 'eval/top-1-acc': 0.6608789182544561, 'eval/top-5-acc': 0.9511754763368162, 'eval/precision': 0.7857076699016198, 'eval/recall': 0.7529293001850421, 'eval/F1': 0.680294973682487, 'eval/AUC': 0.9567477155431227}, BEST_EVAL_ACC: 0.6608789182544561, at 45000 iters
[2023-07-29 18:09:42,923 INFO] model saved: ./exp/shrinkmatch_svhn_40labels_seed2/model_best.pth
[2023-07-29 18:33:27,840 INFO] model saved: ./exp/shrinkmatch_svhn_40labels_seed2/latest_model.pth
[2023-07-29 18:33:38,350 INFO] confusion matrix:
[[9.14564220e-01 0.00000000e+00 4.01376147e-03 0.00000000e+00
  1.72018349e-03 4.35779817e-02 1.26146789e-02 7.45412844e-03
  3.44036697e-03 1.26146789e-02]
 [1.19631300e-02 3.15748186e-02 5.09903903e-03 9.80584428e-04
  1.33359482e-02 3.33398706e-03 2.74563640e-03 9.28221220e-01
  1.37281820e-03 1.37281820e-03]
 [1.44613160e-03 0.00000000e+00 9.03591227e-01 1.20510966e-03
  7.71270186e-03 5.30248253e-02 5.54350446e-03 2.02458424e-02
  4.09737286e-03 3.13328513e-03]
 [3.12283137e-03 3.46981263e-04 7.63358779e-03 2.26578765e-01
  9.71547536e-03 2.27966690e-01 4.75711312e-01 2.42886884e-02
  1.42262318e-02 1.04094379e-02]
 [2.37812128e-03 0.00000000e+00 3.05192231e-02 2.37812128e-03
  9.40150614e-01 3.56718193e-03 7.92707095e-04 1.78359096e-02
  7.92707095e-04 1.58541419e-03]
 [8.38926174e-04 0.00000000e+00 3.35570470e-03 4.82382550e-02
  5.87248322e-03 9.16946309e-01 1.13255034e-02 7.13087248e-03
  2.09731544e-03 4.19463087e-03]
 [7.08143652e-03 5.05816894e-04 5.05816894e-04 8.59888720e-03
  4.04653515e-03 5.26049570e-02 9.08952959e-01 8.59888720e-03
  7.08143652e-03 2.02326758e-03]
 [2.97176820e-03 4.95294700e-04 3.96235760e-03 1.98117880e-03
  2.47647350e-03 1.98117880e-03 2.97176820e-03 9.81674096e-01
  9.90589401e-04 4.95294700e-04]
 [7.22891566e-03 0.00000000e+00 0.00000000e+00 1.80722892e-03
  9.03614458e-03 6.32530120e-02 2.16867470e-02 6.02409639e-03
  8.81325301e-01 9.63855422e-03]
 [6.89655172e-03 0.00000000e+00 1.25391850e-02 6.26959248e-04
  5.64263323e-03 5.32915361e-02 3.13479624e-03 1.00313480e-02
  5.01567398e-03 9.02821317e-01]]
[2023-07-29 18:33:38,358 INFO] 50000 iteration, USE_EMA: True, {'train/sup_loss': tensor(0.0002, device='cuda:0'), 'train/certain_loss': tensor(0.1497, device='cuda:0'), 'train/shrink_loss': tensor(0.0292, device='cuda:0'), 'train/shrink_loss_reweighted': tensor(0.0254, device='cuda:0'), 'train/removed_class_idx': 2.476922695858047, 'train/uncertainty_avg': 0.770090364768208, 'train/certain_ratio_ema': 0.8705310218263516, 'train/total_loss': tensor(0.1753, device='cuda:0'), 'train/mask_ratio': tensor(0.8549, device='cuda:0'), 'lr': 0.029935590606740264, 'train/prefecth_time': 0.005057407855987549, 'train/run_time': 0.2598145751953125, 'eval/loss': tensor(2.6719, device='cuda:0'), 'eval/top-1-acc': 0.6683312845728334, 'eval/top-5-acc': 0.9677704363859865, 'eval/precision': 0.7925353464430348, 'eval/recall': 0.7608179626331784, 'eval/F1': 0.6891727748758048, 'eval/AUC': 0.9621293590662716}, BEST_EVAL_ACC: 0.6683312845728334, at 50000 iters
[2023-07-29 18:33:39,619 INFO] model saved: ./exp/shrinkmatch_svhn_40labels_seed2/model_best.pth
[2023-07-29 18:56:51,645 INFO] model saved: ./exp/shrinkmatch_svhn_40labels_seed2/latest_model.pth
[2023-07-29 18:57:16,574 INFO] confusion matrix:
[[9.57568807e-01 5.73394495e-04 4.58715596e-03 5.73394495e-04
  5.73394495e-04 4.58715596e-03 1.31880734e-02 6.88073394e-03
  2.86697248e-03 8.60091743e-03]
 [9.21749363e-03 6.09923514e-02 4.31457148e-03 2.35340263e-03
  1.25514807e-02 2.15728574e-03 2.54951951e-03 9.02333791e-01
  2.15728574e-03 1.37281820e-03]
 [1.20510966e-03 4.82043866e-03 9.19257652e-01 8.67678959e-03
  7.23065799e-03 4.00096409e-02 9.64087732e-04 1.13280309e-02
  3.61532899e-03 2.89226320e-03]
 [2.77585010e-03 3.81679389e-03 7.28660652e-03 8.65718251e-01
  4.85773768e-03 6.90492713e-02 4.16377516e-03 1.35322693e-02
  1.28383067e-02 1.59611381e-02]
 [2.37812128e-03 1.58541419e-03 3.17082838e-02 3.56718193e-03
  9.45303210e-01 7.92707095e-04 7.92707095e-04 1.07015458e-02
  1.18906064e-03 1.98176774e-03]
 [8.38926174e-04 4.19463087e-04 4.19463087e-03 1.88758389e-02
  7.13087248e-03 9.48406040e-01 8.38926174e-03 5.87248322e-03
  2.51677852e-03 3.35570470e-03]
 [6.06980273e-03 0.00000000e+00 1.01163379e-03 1.21396055e-02
  5.05816894e-03 1.46686899e-02 9.45371775e-01 7.58725341e-03
  5.05816894e-03 3.03490137e-03]
 [2.97176820e-03 9.41059931e-03 3.46706290e-03 2.47647350e-03
  1.98117880e-03 3.46706290e-03 1.98117880e-03 9.72263497e-01
  9.90589401e-04 9.90589401e-04]
 [5.42168675e-03 1.20481928e-03 6.02409639e-04 5.42168675e-03
  5.42168675e-03 3.61445783e-03 1.80722892e-02 3.61445783e-03
  9.48795181e-01 7.83132530e-03]
 [1.00313480e-02 0.00000000e+00 1.69278997e-02 2.50783699e-03
  5.01567398e-03 8.77742947e-03 6.26959248e-04 5.64263323e-03
  5.01567398e-03 9.45454545e-01]]
[2023-07-29 18:57:16,582 INFO] 55000 iteration, USE_EMA: True, {'train/sup_loss': tensor(0.0002, device='cuda:0'), 'train/certain_loss': tensor(0.1359, device='cuda:0'), 'train/shrink_loss': tensor(0.0320, device='cuda:0'), 'train/shrink_loss_reweighted': tensor(0.0288, device='cuda:0'), 'train/removed_class_idx': 2.5238089229026373, 'train/uncertainty_avg': 0.7306776549314197, 'train/certain_ratio_ema': 0.898893675761307, 'train/total_loss': tensor(0.1649, device='cuda:0'), 'train/mask_ratio': tensor(0.9063, device='cuda:0'), 'lr': 0.02992207077614505, 'train/prefecth_time': 0.006985951900482177, 'train/run_time': 0.25345440673828123, 'eval/loss': tensor(1.7988, device='cuda:0'), 'eval/top-1-acc': 0.7625614628149969, 'eval/top-5-acc': 0.9844038106945298, 'eval/precision': 0.8563841030412084, 'eval/recall': 0.8509131311549225, 'eval/F1': 0.800921743075864, 'eval/AUC': 0.9810621028181038}, BEST_EVAL_ACC: 0.7625614628149969, at 55000 iters
[2023-07-29 18:57:18,751 INFO] model saved: ./exp/shrinkmatch_svhn_40labels_seed2/model_best.pth
[2023-07-29 19:20:00,570 INFO] model saved: ./exp/shrinkmatch_svhn_40labels_seed2/latest_model.pth
[2023-07-29 19:20:22,116 INFO] confusion matrix:
[[9.65022936e-01 0.00000000e+00 4.01376147e-03 5.73394495e-04
  5.73394495e-04 4.01376147e-03 1.26146789e-02 6.30733945e-03
  1.14678899e-03 5.73394495e-03]
 [9.80584428e-03 2.19650912e-02 4.31457148e-03 2.35340263e-03
  1.01980781e-02 2.15728574e-03 2.54951951e-03 9.43518337e-01
  2.15728574e-03 9.80584428e-04]
 [1.20510966e-03 7.23065799e-04 9.13473126e-01 9.64087732e-03
  4.82043866e-03 4.91684743e-02 1.20510966e-03 1.37382502e-02
  2.41021933e-03 3.61532899e-03]
 [3.12283137e-03 0.00000000e+00 6.93962526e-03 8.81332408e-01
  3.81679389e-03 7.39070090e-02 2.77585010e-03 1.17973629e-02
  7.63358779e-03 8.67453158e-03]
 [3.17082838e-03 3.96353547e-04 3.52754657e-02 2.37812128e-03
  9.40546968e-01 1.18906064e-03 7.92707095e-04 1.42687277e-02
  3.96353547e-04 1.58541419e-03]
 [8.38926174e-04 0.00000000e+00 3.77516779e-03 1.76174497e-02
  5.45302013e-03 9.53859060e-01 7.55033557e-03 5.45302013e-03
  2.51677852e-03 2.93624161e-03]
 [5.56398584e-03 0.00000000e+00 1.01163379e-03 6.57561963e-03
  4.55235205e-03 1.01163379e-02 9.61557916e-01 4.55235205e-03
  5.05816894e-03 1.01163379e-03]
 [2.47647350e-03 4.95294700e-04 3.96235760e-03 2.97176820e-03
  1.48588410e-03 3.46706290e-03 1.48588410e-03 9.82169391e-01
  9.90589401e-04 4.95294700e-04]
 [5.42168675e-03 0.00000000e+00 6.02409639e-04 7.22891566e-03
  4.81927711e-03 3.01204819e-03 1.56626506e-02 3.01204819e-03
  9.51204819e-01 9.03614458e-03]
 [1.25391850e-02 0.00000000e+00 1.50470219e-02 3.76175549e-03
  5.64263323e-03 3.13479624e-03 0.00000000e+00 5.64263323e-03
  4.38871473e-03 9.49843260e-01]]
[2023-07-29 19:20:22,124 INFO] 60000 iteration, USE_EMA: True, {'train/sup_loss': tensor(0.0002, device='cuda:0'), 'train/certain_loss': tensor(0.1408, device='cuda:0'), 'train/shrink_loss': tensor(0.0149, device='cuda:0'), 'train/shrink_loss_reweighted': tensor(0.0137, device='cuda:0'), 'train/removed_class_idx': 2.3571420153064233, 'train/uncertainty_avg': 0.7925204209709532, 'train/certain_ratio_ema': 0.9163763203329472, 'train/total_loss': tensor(0.1547, device='cuda:0'), 'train/mask_ratio': tensor(0.9375, device='cuda:0'), 'lr': 0.029907265699926754, 'train/prefecth_time': 0.004663871765136719, 'train/run_time': 0.2515331573486328, 'eval/loss': tensor(2.1930, device='cuda:0'), 'eval/top-1-acc': 0.758681622618316, 'eval/top-5-acc': 0.9656576521204672, 'eval/precision': 0.8711140206735937, 'eval/recall': 0.8520974975663762, 'eval/F1': 0.7970822762493034, 'eval/AUC': 0.9780740728832127}, BEST_EVAL_ACC: 0.7625614628149969, at 55000 iters
[2023-07-29 19:43:03,555 INFO] model saved: ./exp/shrinkmatch_svhn_40labels_seed2/latest_model.pth
[2023-07-29 19:43:14,081 INFO] confusion matrix:
[[9.66169725e-01 0.00000000e+00 2.86697248e-03 5.73394495e-04
  1.14678899e-03 3.44036697e-03 1.14678899e-02 5.73394495e-03
  1.14678899e-03 7.45412844e-03]
 [7.45244166e-03 2.64757796e-02 4.90292214e-03 1.76505197e-03
  1.05903118e-02 1.96116886e-03 2.54951951e-03 9.41164934e-01
  2.15728574e-03 9.80584428e-04]
 [1.44613160e-03 4.82043866e-04 9.18775609e-01 9.39985539e-03
  3.61532899e-03 4.74813208e-02 1.44613160e-03 1.18100747e-02
  1.20510966e-03 4.33839479e-03]
 [2.42886884e-03 0.00000000e+00 6.59264400e-03 8.88272033e-01
  3.81679389e-03 7.28660652e-02 3.12283137e-03 1.00624566e-02
  4.16377516e-03 8.67453158e-03]
 [3.17082838e-03 3.96353547e-04 3.44827586e-02 3.17082838e-03
  9.44114150e-01 1.18906064e-03 7.92707095e-04 1.03051922e-02
  7.92707095e-04 1.58541419e-03]
 [8.38926174e-04 0.00000000e+00 5.03355705e-03 1.13255034e-02
  4.19463087e-03 9.60151007e-01 7.96979866e-03 5.03355705e-03
  2.09731544e-03 3.35570470e-03]
 [6.57561963e-03 0.00000000e+00 1.01163379e-03 1.06221548e-02
  4.55235205e-03 9.61052099e-03 9.54982296e-01 5.05816894e-03
  5.56398584e-03 2.02326758e-03]
 [2.97176820e-03 0.00000000e+00 3.46706290e-03 2.47647350e-03
  1.48588410e-03 2.97176820e-03 1.48588410e-03 9.84150570e-01
  4.95294700e-04 4.95294700e-04]
 [6.02409639e-03 0.00000000e+00 1.20481928e-03 5.42168675e-03
  5.42168675e-03 3.01204819e-03 1.20481928e-02 3.61445783e-03
  9.55421687e-01 7.83132530e-03]
 [1.12852665e-02 0.00000000e+00 1.69278997e-02 3.76175549e-03
  3.13479624e-03 2.50783699e-03 1.88087774e-03 6.26959248e-03
  3.76175549e-03 9.50470219e-01]]
[2023-07-29 19:43:14,089 INFO] 65000 iteration, USE_EMA: True, {'train/sup_loss': tensor(0.0002, device='cuda:0'), 'train/certain_loss': tensor(0.1058, device='cuda:0'), 'train/shrink_loss': tensor(0.0265, device='cuda:0'), 'train/shrink_loss_reweighted': tensor(0.0244, device='cuda:0'), 'train/removed_class_idx': 2.210525734072175, 'train/uncertainty_avg': 0.7918287267076093, 'train/certain_ratio_ema': 0.9198035820455636, 'train/total_loss': tensor(0.1303, device='cuda:0'), 'train/mask_ratio': tensor(0.9152, device='cuda:0'), 'lr': 0.029891176014009247, 'train/prefecth_time': 0.004909471988677978, 'train/run_time': 0.2503339233398437, 'eval/loss': tensor(2.1438, device='cuda:0'), 'eval/top-1-acc': 0.762138905961893, 'eval/top-5-acc': 0.9731484326982176, 'eval/precision': 0.8758758010662053, 'eval/recall': 0.8548983074939225, 'eval/F1': 0.800520416938667, 'eval/AUC': 0.9792762016511745}, BEST_EVAL_ACC: 0.7625614628149969, at 55000 iters
[2023-07-29 20:05:49,303 INFO] model saved: ./exp/shrinkmatch_svhn_40labels_seed2/latest_model.pth
[2023-07-29 20:06:13,833 INFO] confusion matrix:
[[9.65596330e-01 0.00000000e+00 4.58715596e-03 5.73394495e-04
