[2023-07-29 13:26:10,987 WARNING] USE GPU: 0 for training
[2023-07-29 13:26:11,112 INFO] Number of Trainable Params: 1475284
[2023-07-29 13:26:14,384 INFO] model_arch: <models.shrinkmatch.shrinkmatch.ShrinkMatch object at 0x7ff0c6b2b040>
[2023-07-29 13:26:14,384 INFO] Arguments: Namespace(T=0.5, alg='shrinkmatch', amp=False, batch_size=64, bn_momentum=0.0010000000000000009, c='config/shrinkmatch_svhn_40labels_seed0.yaml', clip=0, data_dir='./data', dataset='svhn', depth=28, dist_backend='nccl', dist_url='tcp://127.0.0.1:25906', distributed=True, dropout=0.0, ema_m=0.999, epoch=1, eval_batch_size=1024, gpu=0, hard_label=True, leaky_slope=0.1, load_path='None', lr=0.03, momentum=0.9, multiprocessing_distributed=True, net='WideResNet', net_from_name=False, num_classes=10, num_eval_iter=5000, num_labels=40, num_train_iter=1048576, num_workers=1, optim='SGD', overwrite=False, p_cutoff=0.95, rank=0, resume=False, save_dir='./exp', save_name='shrinkmatch_svhn_40labels_seed0', seed=0, train_sampler='RandomSampler', ulb_loss_ratio=1.0, uratio=7, use_da=False, use_tensorboard=True, weight_decay=0.0005, widen_factor=2, world_size=1)
[2023-07-29 13:27:17,941 INFO] [!] data loader keys: dict_keys(['train_lb', 'train_ulb', 'eval'])
[2023-07-29 13:27:32,293 INFO] confusion matrix:
[[0.00000000e+00 8.02752294e-03 0.00000000e+00 0.00000000e+00
  0.00000000e+00 3.99082569e-01 0.00000000e+00 5.92889908e-01
  0.00000000e+00 0.00000000e+00]
 [0.00000000e+00 2.49068445e-02 0.00000000e+00 0.00000000e+00
  0.00000000e+00 4.27730928e-01 0.00000000e+00 5.47166111e-01
  0.00000000e+00 1.96116886e-04]
 [0.00000000e+00 1.47023379e-02 0.00000000e+00 0.00000000e+00
  0.00000000e+00 4.16244878e-01 0.00000000e+00 5.69052784e-01
  0.00000000e+00 0.00000000e+00]
 [0.00000000e+00 1.07564192e-02 0.00000000e+00 0.00000000e+00
  0.00000000e+00 4.13254684e-01 0.00000000e+00 5.75641915e-01
  0.00000000e+00 3.46981263e-04]
 [0.00000000e+00 1.90249703e-02 0.00000000e+00 0.00000000e+00
  0.00000000e+00 4.41141498e-01 0.00000000e+00 5.39833532e-01
  0.00000000e+00 0.00000000e+00]
 [0.00000000e+00 1.21644295e-02 0.00000000e+00 0.00000000e+00
  0.00000000e+00 3.94714765e-01 0.00000000e+00 5.93120805e-01
  0.00000000e+00 0.00000000e+00]
 [0.00000000e+00 1.61861406e-02 0.00000000e+00 0.00000000e+00
  0.00000000e+00 4.20333839e-01 0.00000000e+00 5.63480020e-01
  0.00000000e+00 0.00000000e+00]
 [0.00000000e+00 9.90589401e-03 0.00000000e+00 0.00000000e+00
  0.00000000e+00 4.12085191e-01 0.00000000e+00 5.77018326e-01
  0.00000000e+00 9.90589401e-04]
 [0.00000000e+00 7.83132530e-03 0.00000000e+00 0.00000000e+00
  0.00000000e+00 4.03012048e-01 0.00000000e+00 5.88554217e-01
  0.00000000e+00 6.02409639e-04]
 [0.00000000e+00 1.56739812e-02 0.00000000e+00 0.00000000e+00
  0.00000000e+00 4.04388715e-01 0.00000000e+00 5.78683386e-01
  0.00000000e+00 1.25391850e-03]]
[2023-07-29 13:31:23,827 INFO] model saved: ./exp/shrinkmatch_svhn_40labels_seed0/latest_model.pth
[2023-07-29 13:31:43,574 INFO] confusion matrix:
[[0.00000000e+00 8.60091743e-03 0.00000000e+00 0.00000000e+00
  0.00000000e+00 4.03669725e-01 0.00000000e+00 5.87729358e-01
  0.00000000e+00 0.00000000e+00]
 [0.00000000e+00 2.68680133e-02 0.00000000e+00 0.00000000e+00
  0.00000000e+00 4.28711512e-01 0.00000000e+00 5.44224358e-01
  0.00000000e+00 1.96116886e-04]
 [0.00000000e+00 1.63894914e-02 0.00000000e+00 0.00000000e+00
  0.00000000e+00 4.22270427e-01 0.00000000e+00 5.61340082e-01
  0.00000000e+00 0.00000000e+00]
 [0.00000000e+00 1.38792505e-02 0.00000000e+00 0.00000000e+00
  0.00000000e+00 4.16030534e-01 0.00000000e+00 5.69743234e-01
  0.00000000e+00 3.46981263e-04]
 [0.00000000e+00 2.02140309e-02 0.00000000e+00 0.00000000e+00
  0.00000000e+00 4.46690448e-01 0.00000000e+00 5.33095521e-01
  0.00000000e+00 0.00000000e+00]
 [0.00000000e+00 1.42617450e-02 0.00000000e+00 0.00000000e+00
  0.00000000e+00 3.97651007e-01 0.00000000e+00 5.88087248e-01
  0.00000000e+00 0.00000000e+00]
 [0.00000000e+00 1.77035913e-02 0.00000000e+00 0.00000000e+00
  0.00000000e+00 4.24886191e-01 0.00000000e+00 5.57410218e-01
  0.00000000e+00 0.00000000e+00]
 [0.00000000e+00 1.13917781e-02 0.00000000e+00 0.00000000e+00
  0.00000000e+00 4.14561664e-01 0.00000000e+00 5.73551263e-01
  0.00000000e+00 4.95294700e-04]
 [0.00000000e+00 1.08433735e-02 0.00000000e+00 0.00000000e+00
  0.00000000e+00 4.06626506e-01 0.00000000e+00 5.82530120e-01
  0.00000000e+00 0.00000000e+00]
 [0.00000000e+00 1.63009404e-02 0.00000000e+00 0.00000000e+00
  0.00000000e+00 4.07523511e-01 0.00000000e+00 5.74921630e-01
  0.00000000e+00 1.25391850e-03]]
[2023-07-29 13:31:43,582 INFO] 0 iteration, USE_EMA: True, {'train/sup_loss': tensor(2.3521, device='cuda:0'), 'train/certain_loss': tensor(0., device='cuda:0'), 'train/shrink_loss': tensor(0.0137, device='cuda:0'), 'train/shrink_loss_reweighted': tensor(0., device='cuda:0'), 'train/removed_class_idx': 8.991071227877875, 'train/uncertainty_avg': 0.19893085708774366, 'train/certain_ratio_ema': 0.0, 'train/total_loss': tensor(2.3521, device='cuda:0'), 'train/mask_ratio': tensor(0., device='cuda:0'), 'lr': 0.029999999999974228, 'train/prefecth_time': 226.570046875, 'train/run_time': 9.3309482421875, 'eval/loss': tensor(29.4330, device='cuda:0'), 'eval/top-1-acc': 0.08624001229256299, 'eval/top-5-acc': 0.5846650276582668, 'eval/precision': 0.08722964606775345, 'eval/recall': 0.09993242015441413, 'eval/F1': 0.03332805307954892, 'eval/AUC': 0.5034072008151141}, BEST_EVAL_ACC: 0.08624001229256299, at 0 iters
[2023-07-29 13:31:43,670 INFO] model saved: ./exp/shrinkmatch_svhn_40labels_seed0/model_best.pth
[2023-07-29 14:09:36,355 INFO] model saved: ./exp/shrinkmatch_svhn_40labels_seed0/latest_model.pth
[2023-07-29 14:09:47,113 INFO] confusion matrix:
[[0.0521789  0.01548165 0.02350917 0.19552752 0.16743119 0.36181193
  0.00974771 0.11123853 0.02637615 0.03669725]
 [0.02706413 0.01843499 0.02353403 0.1765052  0.23612473 0.34163561
  0.01372818 0.11217886 0.0313787  0.01941557]
 [0.01108701 0.00265124 0.02578935 0.20318149 0.18293565 0.40925524
  0.01831767 0.09134731 0.02169197 0.03374307]
 [0.01769604 0.00346981 0.01943095 0.19500347 0.20124913 0.38827203
  0.01873699 0.10513532 0.02081888 0.03018737]
 [0.01387237 0.00951249 0.02576298 0.20808561 0.25406262 0.32976615
  0.01664685 0.09829568 0.02615933 0.01783591]
 [0.01342282 0.00125839 0.03062081 0.22231544 0.14932886 0.39639262
  0.02013423 0.09395973 0.02600671 0.0465604 ]
 [0.02529084 0.00505817 0.02832575 0.23419322 0.17147193 0.38189176
  0.01011634 0.09104704 0.02225594 0.03034901]
 [0.01783061 0.00445765 0.03070827 0.20158494 0.19811788 0.36602278
  0.01485884 0.11837543 0.02030708 0.0277365 ]
 [0.0373494  0.00963855 0.02409639 0.21927711 0.15180723 0.3746988
  0.01807229 0.10180723 0.01746988 0.04578313]
 [0.02507837 0.00752351 0.02257053 0.22758621 0.15987461 0.37053292
  0.0169279  0.11222571 0.02257053 0.03510972]]
[2023-07-29 14:09:47,122 INFO] 5000 iteration, USE_EMA: True, {'train/sup_loss': tensor(0.0389, device='cuda:0'), 'train/certain_loss': tensor(0.3659, device='cuda:0'), 'train/shrink_loss': tensor(0.4416, device='cuda:0'), 'train/shrink_loss_reweighted': tensor(0.1628, device='cuda:0'), 'train/removed_class_idx': 4.398026171117561, 'train/uncertainty_avg': 0.6532102369182807, 'train/certain_ratio_ema': 0.3685781820038176, 'train/total_loss': tensor(0.5676, device='cuda:0'), 'train/mask_ratio': tensor(0.3214, device='cuda:0'), 'lr': 0.029999355445794247, 'train/prefecth_time': 0.005547872066497803, 'train/run_time': 0.40852606201171876, 'eval/loss': tensor(5.8372, device='cuda:0'), 'eval/top-1-acc': 0.10694529809465274, 'eval/top-5-acc': 0.4971957590657652, 'eval/precision': 0.13384407789399297, 'eval/recall': 0.11229333129432699, 'eval/F1': 0.08114675940799962, 'eval/AUC': 0.5197360795268078}, BEST_EVAL_ACC: 0.10694529809465274, at 5000 iters
[2023-07-29 14:09:48,131 INFO] model saved: ./exp/shrinkmatch_svhn_40labels_seed0/model_best.pth
[2023-07-29 14:45:13,186 INFO] model saved: ./exp/shrinkmatch_svhn_40labels_seed0/latest_model.pth
[2023-07-29 14:45:37,351 INFO] confusion matrix:
[[0.06995413 0.01892202 0.01949541 0.21616972 0.14506881 0.34231651
  0.01318807 0.09690367 0.05045872 0.02752294]
 [0.04432242 0.03451657 0.02118062 0.17748578 0.28946852 0.25534419
  0.01078643 0.09590116 0.05961953 0.01137478]
 [0.01446132 0.00747168 0.02675343 0.18751506 0.28850325 0.27283683
  0.02482526 0.09592673 0.04965052 0.03205592]
 [0.01492019 0.00867453 0.02290076 0.1870229  0.2925052  0.28001388
  0.01734906 0.09680777 0.04753643 0.03226926]
 [0.01585414 0.02338486 0.02338486 0.16290131 0.38485929 0.22988506
  0.0170432  0.07728894 0.05271502 0.01268331]
 [0.00880872 0.00377517 0.03104027 0.21308725 0.24161074 0.28355705
  0.02558725 0.10151007 0.04781879 0.0432047 ]
 [0.02630248 0.01264542 0.02225594 0.25796662 0.18917552 0.31664138
  0.01871523 0.0839656  0.04602934 0.02630248]
 [0.02872709 0.01733531 0.02377415 0.19316493 0.30708271 0.2337791
  0.01287766 0.11045072 0.05745419 0.01535414]
 [0.03313253 0.0126506  0.02831325 0.25903614 0.15301205 0.31566265
  0.0246988  0.09759036 0.04216867 0.03373494]
 [0.02257053 0.01065831 0.02257053 0.23510972 0.19623824 0.30282132
  0.02194357 0.10971787 0.04702194 0.03134796]]
[2023-07-29 14:45:37,360 INFO] 10000 iteration, USE_EMA: True, {'train/sup_loss': tensor(0.0006, device='cuda:0'), 'train/certain_loss': tensor(0.2812, device='cuda:0'), 'train/shrink_loss': tensor(0.1931, device='cuda:0'), 'train/shrink_loss_reweighted': tensor(0.0830, device='cuda:0'), 'train/removed_class_idx': 3.8023713912106167, 'train/uncertainty_avg': 0.6811966746961087, 'train/certain_ratio_ema': 0.4297878426846008, 'train/total_loss': tensor(0.3648, device='cuda:0'), 'train/mask_ratio': tensor(0.4353, device='cuda:0'), 'lr': 0.02999742232637523, 'train/prefecth_time': 0.004888927936553955, 'train/run_time': 0.3764910583496094, 'eval/loss': tensor(6.0383, device='cuda:0'), 'eval/top-1-acc': 0.11428242163491088, 'eval/top-5-acc': 0.5427550706822373, 'eval/precision': 0.13908125352030734, 'eval/recall': 0.11893459574607348, 'eval/F1': 0.09102412915239216, 'eval/AUC': 0.5361565548623629}, BEST_EVAL_ACC: 0.11428242163491088, at 10000 iters
[2023-07-29 14:45:39,290 INFO] model saved: ./exp/shrinkmatch_svhn_40labels_seed0/model_best.pth
[2023-07-29 15:21:01,906 INFO] model saved: ./exp/shrinkmatch_svhn_40labels_seed0/latest_model.pth
[2023-07-29 15:21:12,388 INFO] confusion matrix:
[[0.17603211 0.02293578 0.11009174 0.16456422 0.2190367  0.11353211
  0.01777523 0.07740826 0.04415138 0.05447248]
 [0.14198863 0.07236713 0.11512061 0.10962934 0.33026084 0.09080212
  0.00706021 0.0488331  0.05000981 0.03392822]
 [0.06097855 0.0021692  0.12533141 0.16172572 0.33815377 0.09038322
  0.03928658 0.09472162 0.04338395 0.04386599]
 [0.0704372  0.00138793 0.11936155 0.17071478 0.31505899 0.09646079
  0.03296322 0.09472588 0.04580153 0.05308813]
 [0.06936187 0.01070155 0.12921126 0.11494253 0.46016647 0.08442331
  0.01387237 0.03250099 0.04161712 0.04320254]
 [0.06669463 0.00125839 0.10989933 0.20847315 0.26258389 0.10276846
  0.0432047  0.10444631 0.04697987 0.05369128]
 [0.09458776 0.00354072 0.11785534 0.23267577 0.22104198 0.11431462
  0.03490137 0.08447142 0.05108751 0.04552352]
 [0.10054482 0.02575532 0.12085191 0.14115899 0.3368004  0.09262011
  0.02129767 0.0837048  0.04507182 0.03219416]
 [0.09096386 0.00361446 0.09879518 0.24457831 0.19578313 0.10662651
  0.05120482 0.10361446 0.04638554 0.05843373]
 [0.08087774 0.00376176 0.11410658 0.21943574 0.23573668 0.10721003
  0.04012539 0.10094044 0.04952978 0.04827586]]
[2023-07-29 15:21:12,397 INFO] 15000 iteration, USE_EMA: True, {'train/sup_loss': tensor(0.0023, device='cuda:0'), 'train/certain_loss': tensor(0.2777, device='cuda:0'), 'train/shrink_loss': tensor(0.2146, device='cuda:0'), 'train/shrink_loss_reweighted': tensor(0.0901, device='cuda:0'), 'train/removed_class_idx': 4.065636908662668, 'train/uncertainty_avg': 0.6816375118402447, 'train/certain_ratio_ema': 0.4199012060794736, 'train/total_loss': tensor(0.3701, device='cuda:0'), 'train/mask_ratio': tensor(0.4219, device='cuda:0'), 'lr': 0.029994200724750647, 'train/prefecth_time': 0.004671743869781494, 'train/run_time': 0.37237066650390627, 'eval/loss': tensor(5.4834, device='cuda:0'), 'eval/top-1-acc': 0.1339121081745544, 'eval/top-5-acc': 0.5865473263675476, 'eval/precision': 0.16630312730618235, 'eval/recall': 0.13206479266289597, 'eval/F1': 0.11219477643979052, 'eval/AUC': 0.5506086519857212}, BEST_EVAL_ACC: 0.1339121081745544, at 15000 iters
[2023-07-29 15:21:13,320 INFO] model saved: ./exp/shrinkmatch_svhn_40labels_seed0/model_best.pth
[2023-07-29 15:55:29,050 INFO] model saved: ./exp/shrinkmatch_svhn_40labels_seed0/latest_model.pth
[2023-07-29 15:55:53,868 INFO] confusion matrix:
[[3.09059633e-01 3.44036697e-03 1.99541284e-01 8.19954128e-02
  1.54816514e-02 2.72362385e-01 9.17431193e-03 9.74770642e-03
  1.66284404e-02 8.25688073e-02]
 [2.10041185e-01 7.86428712e-02 2.34555795e-01 5.33437929e-02
  6.74642087e-02 1.74740145e-01 6.86409100e-03 9.02137674e-02
  3.92233771e-04 8.37419102e-02]
 [1.53530971e-01 7.23065799e-04 2.36442516e-01 1.56664256e-01
  3.03687636e-02 2.59339600e-01 1.13280309e-02 3.63943119e-02
  4.04916847e-02 7.47167992e-02]
 [1.42956280e-01 6.93962526e-04 2.10964608e-01 1.45038168e-01
  2.67175573e-02 3.07078418e-01 1.14503817e-02 2.84524636e-02
  4.05968078e-02 8.60513532e-02]
 [1.13357115e-01 3.17082838e-03 2.23147047e-01 3.72572335e-02
  4.52239398e-01 9.90883868e-02 7.53071740e-03 3.96353547e-03
  7.92707095e-04 5.94530321e-02]
 [1.60234899e-01 8.38926174e-04 1.95889262e-01 1.19546980e-01
  9.22818792e-03 3.67449664e-01 1.38422819e-02 1.51006711e-02
  2.97818792e-02 8.80872483e-02]
 [1.97268589e-01 5.05816894e-04 2.00303490e-01 1.28477491e-01
  2.02326758e-02 3.24734446e-01 1.51745068e-02 6.06980273e-03
  3.89479009e-02 6.82852807e-02]
 [1.88707281e-01 2.77365032e-02 2.15948489e-01 8.76671620e-02
  1.28776622e-02 2.26844973e-01 1.04011887e-02 1.72362556e-01
  9.90589401e-04 5.64635958e-02]
 [1.81325301e-01 6.02409639e-04 1.75301205e-01 1.69879518e-01
  1.80722892e-02 2.77108434e-01 1.32530120e-02 2.40963855e-03
  7.95180723e-02 8.25301205e-02]
 [1.83072100e-01 6.26959248e-04 2.21943574e-01 1.41692790e-01
  1.00313480e-02 2.99059561e-01 1.50470219e-02 7.52351097e-03
  5.45454545e-02 6.64576803e-02]]
[2023-07-29 15:55:53,876 INFO] 20000 iteration, USE_EMA: True, {'train/sup_loss': tensor(0.0024, device='cuda:0'), 'train/certain_loss': tensor(0.1436, device='cuda:0'), 'train/shrink_loss': tensor(0.1696, device='cuda:0'), 'train/shrink_loss_reweighted': tensor(0.0833, device='cuda:0'), 'train/removed_class_idx': 3.305309588260638, 'train/uncertainty_avg': 0.7125115052947971, 'train/certain_ratio_ema': 0.4914606247960123, 'train/total_loss': tensor(0.2293, device='cuda:0'), 'train/mask_ratio': tensor(0.4955, device='cuda:0'), 'lr': 0.02998969077929826, 'train/prefecth_time': 0.005084703922271729, 'train/run_time': 0.3529290771484375, 'eval/loss': tensor(5.1552, device='cuda:0'), 'eval/top-1-acc': 0.1909956976029502, 'eval/top-5-acc': 0.652158881376767, 'eval/precision': 0.2684027920471735, 'eval/recall': 0.19223850654479013, 'eval/F1': 0.17974063906947635, 'eval/AUC': 0.611549101943739}, BEST_EVAL_ACC: 0.1909956976029502, at 20000 iters
[2023-07-29 15:55:55,041 INFO] model saved: ./exp/shrinkmatch_svhn_40labels_seed0/model_best.pth
[2023-07-29 16:26:22,164 INFO] model saved: ./exp/shrinkmatch_svhn_40labels_seed0/latest_model.pth
[2023-07-29 16:26:45,280 INFO] confusion matrix:
[[6.16399083e-01 5.73394495e-04 2.45412844e-01 5.73394495e-03
  4.58715596e-03 6.25000000e-02 4.01376147e-03 5.73394495e-04
  2.86697248e-03 5.73394495e-02]
 [3.43204550e-02 1.26691508e-01 3.97725044e-01 2.54951951e-03
  3.25554030e-02 4.23612473e-02 5.88350657e-04 3.31829771e-01
  1.96116886e-04 3.11825848e-02]
 [4.33839479e-03 7.23065799e-04 3.58399614e-01 2.08724994e-01
  3.61532899e-03 3.13328513e-01 1.42202940e-02 5.30248253e-03
  2.48252591e-02 6.65220535e-02]
 [2.08188758e-03 1.04094379e-03 3.75086745e-01 1.32546842e-01
  6.24566273e-03 3.54614851e-01 3.40041638e-02 3.12283137e-03
  3.22692575e-02 5.89868147e-02]
 [4.35988902e-03 7.92707095e-04 2.74673008e-01 0.00000000e+00
  6.87673405e-01 1.07015458e-02 3.96353547e-04 5.54894966e-03
  7.92707095e-04 1.50614348e-02]
 [8.38926174e-04 8.38926174e-04 3.71644295e-01 7.63422819e-02
  1.25838926e-03 3.94714765e-01 8.43120805e-02 2.09731544e-03
  6.29194631e-03 6.16610738e-02]
 [1.51745068e-02 1.01163379e-03 3.27769347e-01 5.05816894e-02
  4.04653515e-03 3.89984825e-01 1.30500759e-01 4.04653515e-03
  3.13606474e-02 4.55235205e-02]
 [1.13917781e-02 1.68400198e-02 3.17979198e-01 1.04011887e-02
  5.44824170e-03 3.86329866e-02 9.90589401e-04 5.77513621e-01
  0.00000000e+00 2.08023774e-02]
 [1.80722892e-03 6.02409639e-04 2.93975904e-01 9.69879518e-02
  5.42168675e-03 3.93975904e-01 6.32530120e-02 6.02409639e-04
  1.03012048e-01 4.03614458e-02]
 [4.32601881e-02 1.25391850e-03 4.06896552e-01 4.82758621e-02
  1.88087774e-03 3.35423197e-01 5.45454545e-02 2.50783699e-03
  4.89028213e-02 5.70532915e-02]]
[2023-07-29 16:26:45,288 INFO] 25000 iteration, USE_EMA: True, {'train/sup_loss': tensor(0.0003, device='cuda:0'), 'train/certain_loss': tensor(0.1762, device='cuda:0'), 'train/shrink_loss': tensor(0.1343, device='cuda:0'), 'train/shrink_loss_reweighted': tensor(0.0827, device='cuda:0'), 'train/removed_class_idx': 2.6363634865702563, 'train/uncertainty_avg': 0.7476709332864503, 'train/certain_ratio_ema': 0.616078251986068, 'train/total_loss': tensor(0.2593, device='cuda:0'), 'train/mask_ratio': tensor(0.6071, device='cuda:0'), 'lr': 0.0299838926837342, 'train/prefecth_time': 0.00445740795135498, 'train/run_time': 0.358042724609375, 'eval/loss': tensor(4.6128, device='cuda:0'), 'eval/top-1-acc': 0.3054701905347265, 'eval/top-5-acc': 0.8028580208973571, 'eval/precision': 0.4222531995593143, 'eval/recall': 0.3184504936379137, 'eval/F1': 0.3176202039921364, 'eval/AUC': 0.7375045911537961}, BEST_EVAL_ACC: 0.3054701905347265, at 25000 iters
[2023-07-29 16:26:46,807 INFO] model saved: ./exp/shrinkmatch_svhn_40labels_seed0/model_best.pth
[2023-07-29 16:53:07,725 INFO] model saved: ./exp/shrinkmatch_svhn_40labels_seed0/latest_model.pth
[2023-07-29 16:53:18,346 INFO] confusion matrix:
[[7.74655963e-01 5.73394495e-04 1.34747706e-01 5.73394495e-04
  1.72018349e-03 1.14678899e-02 1.26146789e-02 2.86697248e-03
  0.00000000e+00 6.07798165e-02]
 [1.52971171e-02 1.94155717e-02 3.06726809e-01 3.92233771e-04
  1.45126495e-02 4.11845460e-03 2.15728574e-03 6.22867229e-01
  5.88350657e-04 1.39242989e-02]
 [1.44613160e-03 0.00000000e+00 1.92817546e-01 4.09737286e-03
  2.16919740e-03 1.01229212e-01 3.37430706e-03 8.19474572e-03
  0.00000000e+00 6.86671487e-01]
 [2.08188758e-03 3.46981263e-04 3.80985427e-01 2.32824427e-01
  4.85773768e-03 1.88063845e-01 9.99306037e-02 5.55170021e-03
  1.28383067e-02 7.25190840e-02]
 [2.37812128e-03 3.96353547e-04 2.23543401e-01 3.96353547e-04
  7.53864447e-01 7.92707095e-04 3.17082838e-03 1.18906064e-02
  0.00000000e+00 3.56718193e-03]
 [1.25838926e-03 4.19463087e-04 2.97399329e-01 7.13087248e-02
  5.03355705e-03 2.90687919e-01 2.68456376e-01 3.77516779e-03
  0.00000000e+00 6.16610738e-02]
 [8.59888720e-03 5.05816894e-04 2.35204856e-01 3.03490137e-03
  2.52908447e-03 1.69448660e-01 5.28578655e-01 5.56398584e-03
  2.02326758e-03 4.45118867e-02]
 [3.46706290e-03 9.90589401e-04 2.04061417e-01 1.48588410e-03
  1.98117880e-03 2.97176820e-03 3.46706290e-03 7.74640911e-01
  0.00000000e+00 6.93412580e-03]
 [3.01204819e-03 0.00000000e+00 6.19277108e-01 5.42168675e-03
  4.81927711e-03 1.72891566e-01 1.80722892e-02 1.80722892e-03
  1.47590361e-01 2.71084337e-02]
 [5.64263323e-03 0.00000000e+00 8.36990596e-01 6.26959248e-04
  1.88087774e-03 8.52664577e-02 2.50783699e-03 1.00313480e-02
  4.38871473e-03 5.26645768e-02]]
[2023-07-29 16:53:18,357 INFO] 30000 iteration, USE_EMA: True, {'train/sup_loss': tensor(0.0010, device='cuda:0'), 'train/certain_loss': tensor(0.1607, device='cuda:0'), 'train/shrink_loss': tensor(0.0569, device='cuda:0'), 'train/shrink_loss_reweighted': tensor(0.0432, device='cuda:0'), 'train/removed_class_idx': 2.599999726315818, 'train/uncertainty_avg': 0.7074643620109407, 'train/certain_ratio_ema': 0.7593199522050535, 'train/total_loss': tensor(0.2049, device='cuda:0'), 'train/mask_ratio': tensor(0.7879, device='cuda:0'), 'lr': 0.029976806687104632, 'train/prefecth_time': 0.004957759857177734, 'train/run_time': 0.27554855346679685, 'eval/loss': tensor(5.5857, device='cuda:0'), 'eval/top-1-acc': 0.3247541487400123, 'eval/top-5-acc': 0.867701290719115, 'eval/precision': 0.5595066016871407, 'eval/recall': 0.3767740379528602, 'eval/F1': 0.37346408755177, 'eval/AUC': 0.7893604404347987}, BEST_EVAL_ACC: 0.3247541487400123, at 30000 iters
[2023-07-29 16:53:18,445 INFO] model saved: ./exp/shrinkmatch_svhn_40labels_seed0/model_best.pth
[2023-07-29 17:18:30,566 INFO] model saved: ./exp/shrinkmatch_svhn_40labels_seed0/latest_model.pth
[2023-07-29 17:18:41,150 INFO] confusion matrix:
[[8.91628440e-01 5.73394495e-04 2.23623853e-02 4.01376147e-03
  2.29357798e-03 5.73394495e-03 1.66284404e-02 4.01376147e-03
  5.73394495e-04 5.21788991e-02]
 [1.62777015e-02 3.60855070e-02 2.56913120e-02 2.35340263e-03
  2.03961561e-02 3.53010394e-03 1.17670131e-03 8.83506570e-01
  9.80584428e-04 1.00019612e-02]
 [9.64087732e-04 2.41021933e-04 3.63943119e-02 7.47167992e-03
  4.82043866e-03 7.71270186e-02 9.64087732e-04 1.61484695e-02
  0.00000000e+00 8.55868884e-01]
 [2.42886884e-03 6.93962526e-04 6.66204025e-02 6.97085357e-01
  1.38792505e-02 1.23178348e-01 2.08188758e-03 1.63081194e-02
  9.71547536e-03 6.80083276e-02]
 [2.77447483e-03 3.96353547e-04 1.26833135e-02 1.18906064e-03
  9.56004756e-01 1.18906064e-03 1.58541419e-03 1.82322632e-02
  3.96353547e-04 5.54894966e-03]
 [1.67785235e-03 8.38926174e-04 5.24328859e-02 5.58305369e-01
  6.29194631e-03 3.06627517e-01 1.21644295e-02 5.45302013e-03
  8.38926174e-04 5.53691275e-02]
 [1.01163379e-02 1.01163379e-03 4.19828022e-02 2.07384927e-02
  6.57561963e-03 1.11785534e-01 7.64795144e-01 8.59888720e-03
  3.03490137e-03 3.13606474e-02]
 [3.96235760e-03 1.98117880e-03 1.68400198e-02 6.43883110e-03
  2.47647350e-03 2.47647350e-03 1.48588410e-03 9.57404656e-01
  0.00000000e+00 6.93412580e-03]
 [7.22891566e-03 0.00000000e+00 6.80722892e-02 2.04819277e-02
  9.63855422e-03 1.27108434e-01 3.31325301e-02 5.42168675e-03
  7.06024096e-01 2.28915663e-02]
 [1.00313480e-02 6.26959248e-04 5.70532915e-02 2.50783699e-03
  5.01567398e-03 8.77742947e-02 1.25391850e-03 1.50470219e-02
  3.13479624e-03 8.17554859e-01]]
[2023-07-29 17:18:41,158 INFO] 35000 iteration, USE_EMA: True, {'train/sup_loss': tensor(0.0004, device='cuda:0'), 'train/certain_loss': tensor(0.1804, device='cuda:0'), 'train/shrink_loss': tensor(0.0602, device='cuda:0'), 'train/shrink_loss_reweighted': tensor(0.0493, device='cuda:0'), 'train/removed_class_idx': 2.380952097505703, 'train/uncertainty_avg': 0.7776316021418759, 'train/certain_ratio_ema': 0.8181540149370301, 'train/total_loss': tensor(0.2300, device='cuda:0'), 'train/mask_ratio': tensor(0.8125, device='cuda:0'), 'lr': 0.029968433093775056, 'train/prefecth_time': 0.004745664119720459, 'train/run_time': 0.26830010986328123, 'eval/loss': tensor(4.0762, device='cuda:0'), 'eval/top-1-acc': 0.4979640442532268, 'eval/top-5-acc': 0.9201751690227412, 'eval/precision': 0.624799288579078, 'eval/recall': 0.6169604644871006, 'eval/F1': 0.5388148714479734, 'eval/AUC': 0.8849063540569282}, BEST_EVAL_ACC: 0.4979640442532268, at 35000 iters
[2023-07-29 17:18:42,853 INFO] model saved: ./exp/shrinkmatch_svhn_40labels_seed0/model_best.pth
[2023-07-29 17:42:19,882 INFO] model saved: ./exp/shrinkmatch_svhn_40labels_seed0/latest_model.pth
[2023-07-29 17:42:41,395 INFO] confusion matrix:
[[9.50114679e-01 0.00000000e+00 4.01376147e-03 1.14678899e-03
  1.14678899e-03 5.73394495e-03 1.66284404e-02 6.30733945e-03
  5.73394495e-04 1.43348624e-02]
 [1.41204158e-02 4.80486370e-02 6.66797411e-03 2.94175328e-03
  1.35320651e-02 3.13787017e-03 2.35340263e-03 9.05079427e-01
  2.15728574e-03 1.96116886e-03]
 [1.68715353e-03 2.41021933e-04 9.14919258e-01 9.88189925e-03
  6.74861412e-03 4.57941673e-02 1.68715353e-03 1.47023379e-02
  7.23065799e-04 3.61532899e-03]
 [4.16377516e-03 0.00000000e+00 1.17973629e-02 8.71616933e-01
  1.11034004e-02 6.83553088e-02 3.81679389e-03 1.52671756e-02
  8.67453158e-03 5.20471895e-03]
 [2.77447483e-03 0.00000000e+00 1.58541419e-03 2.77447483e-03
  9.59571938e-01 7.92707095e-04 1.18906064e-03 2.85374554e-02
  7.92707095e-04 1.98176774e-03]
 [1.67785235e-03 8.38926174e-04 8.80872483e-03 7.25671141e-02
  5.45302013e-03 8.88003356e-01 1.00671141e-02 7.96979866e-03
  1.67785235e-03 2.93624161e-03]
 [9.61052099e-03 0.00000000e+00 2.02326758e-03 1.31512393e-02
  6.57561963e-03 4.45118867e-02 9.14516945e-01 5.56398584e-03
  2.52908447e-03 1.51745068e-03]
 [3.46706290e-03 4.95294700e-04 4.45765230e-03 5.94353640e-03
  2.97176820e-03 2.47647350e-03 2.47647350e-03 9.77216444e-01
  0.00000000e+00 4.95294700e-04]
 [8.43373494e-03 0.00000000e+00 1.80722892e-03 7.22891566e-03
  9.63855422e-03 6.08433735e-02 3.49397590e-02 5.42168675e-03
  8.56626506e-01 1.50602410e-02]
 [1.31661442e-02 0.00000000e+00 2.25705329e-02 4.38871473e-03
  3.76175549e-03 4.01253918e-02 2.50783699e-03 1.44200627e-02
  3.13479624e-03 8.95924765e-01]]
[2023-07-29 17:42:41,404 INFO] 40000 iteration, USE_EMA: True, {'train/sup_loss': tensor(0.0003, device='cuda:0'), 'train/certain_loss': tensor(0.0982, device='cuda:0'), 'train/shrink_loss': tensor(0.0274, device='cuda:0'), 'train/shrink_loss_reweighted': tensor(0.0243, device='cuda:0'), 'train/removed_class_idx': 2.4893611724763463, 'train/uncertainty_avg': 0.7432026955818603, 'train/certain_ratio_ema': 0.8866876884659377, 'train/total_loss': tensor(0.1229, device='cuda:0'), 'train/mask_ratio': tensor(0.8951, device='cuda:0'), 'lr': 0.029958772263417244, 'train/prefecth_time': 0.005107232093811035, 'train/run_time': 0.25344802856445314, 'eval/loss': tensor(2.0640, device='cuda:0'), 'eval/top-1-acc': 0.7444683466502766, 'eval/top-5-acc': 0.9610095267363246, 'eval/precision': 0.854214055674715, 'eval/recall': 0.8276559459662742, 'eval/F1': 0.7787746874022041, 'eval/AUC': 0.9782443442306923}, BEST_EVAL_ACC: 0.7444683466502766, at 40000 iters
[2023-07-29 17:42:43,032 INFO] model saved: ./exp/shrinkmatch_svhn_40labels_seed0/model_best.pth
[2023-07-29 18:05:15,152 INFO] model saved: ./exp/shrinkmatch_svhn_40labels_seed0/latest_model.pth
[2023-07-29 18:05:37,522 INFO] confusion matrix:
[[9.55848624e-01 0.00000000e+00 4.01376147e-03 1.72018349e-03
  1.14678899e-03 4.01376147e-03 1.72018349e-02 5.73394495e-03
  1.14678899e-03 9.17431193e-03]
 [1.19631300e-02 5.21670916e-02 5.49127280e-03 3.53010394e-03
  1.31398313e-02 3.13787017e-03 3.33398706e-03 9.02922142e-01
  2.15728574e-03 2.15728574e-03]
 [1.20510966e-03 4.82043866e-04 9.56857074e-01 1.15690528e-02
  4.82043866e-03 6.98963606e-03 1.20510966e-03 1.20510966e-02
  7.23065799e-04 4.09737286e-03]
 [2.77585010e-03 0.00000000e+00 8.67453158e-03 9.38931298e-01
  3.12283137e-03 1.17973629e-02 3.81679389e-03 1.42262318e-02
  6.24566273e-03 1.04094379e-02]
 [2.77447483e-03 0.00000000e+00 2.37812128e-03 4.75624257e-03
  9.57986524e-01 7.92707095e-04 1.18906064e-03 2.69520412e-02
  3.96353547e-04 2.77447483e-03]
 [1.25838926e-03 8.38926174e-04 5.87248322e-03 2.09731544e-02
  3.77516779e-03 9.49664430e-01 9.22818792e-03 4.19463087e-03
  1.67785235e-03 2.51677852e-03]
 [5.56398584e-03 0.00000000e+00 1.01163379e-03 9.10470410e-03
  4.04653515e-03 1.21396055e-02 9.57005564e-01 4.55235205e-03
  4.55235205e-03 2.02326758e-03]
 [2.47647350e-03 9.90589401e-04 2.97176820e-03 4.95294700e-03
  1.48588410e-03 2.97176820e-03 1.48588410e-03 9.81674096e-01
  4.95294700e-04 4.95294700e-04]
 [6.02409639e-03 0.00000000e+00 1.80722892e-03 7.22891566e-03
  6.02409639e-03 4.21686747e-03 2.46987952e-02 4.21686747e-03
  9.31325301e-01 1.44578313e-02]
 [8.77742947e-03 0.00000000e+00 2.06896552e-02 4.38871473e-03
  1.25391850e-03 2.50783699e-03 1.88087774e-03 8.77742947e-03
  3.13479624e-03 9.48589342e-01]]
[2023-07-29 18:05:37,530 INFO] 45000 iteration, USE_EMA: True, {'train/sup_loss': tensor(0.0003, device='cuda:0'), 'train/certain_loss': tensor(0.0976, device='cuda:0'), 'train/shrink_loss': tensor(0.0246, device='cuda:0'), 'train/shrink_loss_reweighted': tensor(0.0228, device='cuda:0'), 'train/removed_class_idx': 3.071427474490188, 'train/uncertainty_avg': 0.7635355940886569, 'train/certain_ratio_ema': 0.9268450205296482, 'train/total_loss': tensor(0.1207, device='cuda:0'), 'train/mask_ratio': tensor(0.9375, device='cuda:0'), 'lr': 0.029947824610993785, 'train/prefecth_time': 0.004877120018005371, 'train/run_time': 0.24822335815429689, 'eval/loss': tensor(1.8122, device='cuda:0'), 'eval/top-1-acc': 0.7768515673017824, 'eval/top-5-acc': 0.9671173939766441, 'eval/precision': 0.8831875226527129, 'eval/recall': 0.8630049343623665, 'eval/F1': 0.8127210416068703, 'eval/AUC': 0.9875180817442711}, BEST_EVAL_ACC: 0.7768515673017824, at 45000 iters
[2023-07-29 18:05:39,323 INFO] model saved: ./exp/shrinkmatch_svhn_40labels_seed0/model_best.pth
[2023-07-29 18:28:00,576 INFO] model saved: ./exp/shrinkmatch_svhn_40labels_seed0/latest_model.pth
[2023-07-29 18:28:11,010 INFO] confusion matrix:
[[9.58142202e-01 0.00000000e+00 5.73394495e-03 2.29357798e-03
  5.73394495e-04 3.44036697e-03 1.60550459e-02 4.58715596e-03
  0.00000000e+00 9.17431193e-03]
 [1.13747794e-02 4.80486370e-02 5.09903903e-03 4.11845460e-03
  1.09825456e-02 2.15728574e-03 2.74563640e-03 9.12727986e-01
  1.37281820e-03 1.37281820e-03]
 [1.20510966e-03 2.41021933e-04 9.61436491e-01 1.10870089e-02
  4.09737286e-03 5.54350446e-03 9.64087732e-04 1.06049651e-02
  4.82043866e-04 4.33839479e-03]
 [2.42886884e-03 0.00000000e+00 6.59264400e-03 9.52116586e-01
  3.81679389e-03 9.36849410e-03 4.16377516e-03 1.00624566e-02
  5.20471895e-03 6.24566273e-03]
 [3.56718193e-03 0.00000000e+00 2.37812128e-03 4.35988902e-03
  9.61553706e-01 1.18906064e-03 1.18906064e-03 2.37812128e-02
  3.96353547e-04 1.58541419e-03]
 [1.25838926e-03 4.19463087e-04 5.03355705e-03 1.71979866e-02
  3.35570470e-03 9.57214765e-01 6.71140940e-03 3.77516779e-03
  2.51677852e-03 2.51677852e-03]
 [5.56398584e-03 0.00000000e+00 5.05816894e-04 9.10470410e-03
  5.05816894e-03 1.26454224e-02 9.56499747e-01 6.06980273e-03
  3.54071826e-03 1.01163379e-03]
 [2.47647350e-03 4.95294700e-04 3.46706290e-03 4.45765230e-03
  1.98117880e-03 2.97176820e-03 9.90589401e-04 9.81178801e-01
  9.90589401e-04 9.90589401e-04]
 [4.21686747e-03 6.02409639e-04 3.01204819e-03 7.83132530e-03
  6.02409639e-03 4.21686747e-03 1.68674699e-02 3.61445783e-03
  9.42168675e-01 1.14457831e-02]
 [8.15047022e-03 0.00000000e+00 2.13166144e-02 4.38871473e-03
  1.88087774e-03 3.13479624e-03 1.25391850e-03 6.89655172e-03
  3.76175549e-03 9.49216301e-01]]
[2023-07-29 18:28:11,018 INFO] 50000 iteration, USE_EMA: True, {'train/sup_loss': tensor(0.0003, device='cuda:0'), 'train/certain_loss': tensor(0.1060, device='cuda:0'), 'train/shrink_loss': tensor(0.0159, device='cuda:0'), 'train/shrink_loss_reweighted': tensor(0.0148, device='cuda:0'), 'train/removed_class_idx': 2.9090900275484763, 'train/uncertainty_avg': 0.7241599614080498, 'train/certain_ratio_ema': 0.9340040050299981, 'train/total_loss': tensor(0.1211, device='cuda:0'), 'train/mask_ratio': tensor(0.9263, device='cuda:0'), 'lr': 0.029935590606740264, 'train/prefecth_time': 0.006958303928375244, 'train/run_time': 0.27770635986328124, 'eval/loss': tensor(1.9029, device='cuda:0'), 'eval/top-1-acc': 0.7800783650891211, 'eval/top-5-acc': 0.96319913952059, 'eval/precision': 0.8886487851264129, 'eval/recall': 0.8667575910371486, 'eval/F1': 0.8164759604599716, 'eval/AUC': 0.9868528172196019}, BEST_EVAL_ACC: 0.7800783650891211, at 50000 iters
[2023-07-29 18:28:11,108 INFO] model saved: ./exp/shrinkmatch_svhn_40labels_seed0/model_best.pth
[2023-07-29 18:50:28,500 INFO] model saved: ./exp/shrinkmatch_svhn_40labels_seed0/latest_model.pth
[2023-07-29 18:50:49,774 INFO] confusion matrix:
[[9.63302752e-01 0.00000000e+00 4.01376147e-03 2.29357798e-03
  0.00000000e+00 3.44036697e-03 1.31880734e-02 5.73394495e-03
  1.14678899e-03 6.88073394e-03]
 [7.45244166e-03 4.96175721e-02 4.51068837e-03 4.11845460e-03
  9.21749363e-03 1.76505197e-03 1.96116886e-03 9.18023142e-01
  1.37281820e-03 1.96116886e-03]
 [1.20510966e-03 4.82043866e-04 9.63123644e-01 9.15883345e-03
  3.61532899e-03 5.78452639e-03 9.64087732e-04 1.13280309e-02
  2.41021933e-04 4.09737286e-03]
 [2.77585010e-03 3.46981263e-04 6.59264400e-03 9.52463567e-01
  3.46981263e-03 9.36849410e-03 3.12283137e-03 7.63358779e-03
  5.55170021e-03 8.67453158e-03]
 [1.98176774e-03 0.00000000e+00 2.77447483e-03 3.17082838e-03
  9.66309948e-01 7.92707095e-04 1.18906064e-03 2.21957987e-02
  3.96353547e-04 1.18906064e-03]
 [1.25838926e-03 4.19463087e-04 4.19463087e-03 1.67785235e-02
  3.35570470e-03 9.57214765e-01 6.71140940e-03 3.77516779e-03
  2.93624161e-03 3.35570470e-03]
 [3.54071826e-03 0.00000000e+00 1.01163379e-03 7.58725341e-03
  5.56398584e-03 9.10470410e-03 9.64087001e-01 5.05816894e-03
  2.52908447e-03 1.51745068e-03]
 [2.47647350e-03 0.00000000e+00 3.46706290e-03 3.46706290e-03
  1.48588410e-03 2.47647350e-03 4.95294700e-04 9.83655275e-01
  9.90589401e-04 1.48588410e-03]
 [6.02409639e-03 0.00000000e+00 1.80722892e-03 6.02409639e-03
  5.42168675e-03 3.01204819e-03 1.68674699e-02 4.21686747e-03
  9.48795181e-01 7.83132530e-03]
 [6.89655172e-03 0.00000000e+00 2.00626959e-02 3.76175549e-03
  2.50783699e-03 2.50783699e-03 2.50783699e-03 6.89655172e-03
  3.13479624e-03 9.51724138e-01]]
[2023-07-29 18:50:49,782 INFO] 55000 iteration, USE_EMA: True, {'train/sup_loss': tensor(0.0002, device='cuda:0'), 'train/certain_loss': tensor(0.1073, device='cuda:0'), 'train/shrink_loss': tensor(0.0179, device='cuda:0'), 'train/shrink_loss_reweighted': tensor(0.0168, device='cuda:0'), 'train/removed_class_idx': 2.7499988541671443, 'train/uncertainty_avg': 0.7654305624019633, 'train/certain_ratio_ema': 0.9380408429989815, 'train/total_loss': tensor(0.1243, device='cuda:0'), 'train/mask_ratio': tensor(0.9464, device='cuda:0'), 'lr': 0.02992207077614505, 'train/prefecth_time': 0.005388832092285157, 'train/run_time': 0.2405087432861328, 'eval/loss': tensor(1.9673, device='cuda:0'), 'eval/top-1-acc': 0.7828441917639828, 'eval/top-5-acc': 0.959319299323909, 'eval/precision': 0.8925017352500195, 'eval/recall': 0.8700293843208555, 'eval/F1': 0.8201170716177935, 'eval/AUC': 0.9866014454964979}, BEST_EVAL_ACC: 0.7828441917639828, at 55000 iters
[2023-07-29 18:50:51,598 INFO] model saved: ./exp/shrinkmatch_svhn_40labels_seed0/model_best.pth
[2023-07-29 19:13:04,783 INFO] model saved: ./exp/shrinkmatch_svhn_40labels_seed0/latest_model.pth
[2023-07-29 19:13:25,909 INFO] confusion matrix:
[[9.67316514e-01 0.00000000e+00 4.01376147e-03 1.72018349e-03
  0.00000000e+00 2.86697248e-03 1.37614679e-02 4.58715596e-03
  5.73394495e-04 5.16055046e-03]
 [7.25632477e-03 4.70680526e-02 4.31457148e-03 2.35340263e-03
  8.04079231e-03 1.96116886e-03 2.74563640e-03 9.23318298e-01
  1.56893509e-03 1.37281820e-03]
 [9.64087732e-04 2.41021933e-04 9.61436491e-01 1.15690528e-02
  3.37430706e-03 5.78452639e-03 9.64087732e-04 1.20510966e-02
  2.41021933e-04 3.37430706e-03]
 [2.08188758e-03 3.46981263e-04 6.24566273e-03 9.55586398e-01
  3.46981263e-03 8.32755031e-03 3.12283137e-03 8.67453158e-03
  5.55170021e-03 6.59264400e-03]
 [2.37812128e-03 0.00000000e+00 1.98176774e-03 3.56718193e-03
  9.65120888e-01 1.18906064e-03 1.18906064e-03 2.29885057e-02
  3.96353547e-04 1.18906064e-03]
 [1.67785235e-03 4.19463087e-04 4.61409396e-03 1.67785235e-02
  2.09731544e-03 9.57634228e-01 7.13087248e-03 4.19463087e-03
  2.51677852e-03 2.93624161e-03]
 [4.04653515e-03 0.00000000e+00 1.51745068e-03 6.57561963e-03
  4.04653515e-03 8.09307031e-03 9.65604451e-01 5.56398584e-03
  2.52908447e-03 2.02326758e-03]
 [1.98117880e-03 9.90589401e-04 1.98117880e-03 2.97176820e-03
  1.98117880e-03 1.98117880e-03 0.00000000e+00 9.85636454e-01
  9.90589401e-04 1.48588410e-03]
 [6.62650602e-03 0.00000000e+00 2.40963855e-03 6.02409639e-03
  4.21686747e-03 3.01204819e-03 1.68674699e-02 4.81927711e-03
  9.49397590e-01 6.62650602e-03]
 [9.40438871e-03 0.00000000e+00 1.75548589e-02 4.38871473e-03
  6.26959248e-04 3.13479624e-03 1.25391850e-03 8.15047022e-03
  3.13479624e-03 9.52351097e-01]]
[2023-07-29 19:13:25,917 INFO] 60000 iteration, USE_EMA: True, {'train/sup_loss': tensor(0.0004, device='cuda:0'), 'train/certain_loss': tensor(0.0877, device='cuda:0'), 'train/shrink_loss': tensor(0.0144, device='cuda:0'), 'train/shrink_loss_reweighted': tensor(0.0135, device='cuda:0'), 'train/removed_class_idx': 2.7999986000007, 'train/uncertainty_avg': 0.7909345993494804, 'train/certain_ratio_ema': 0.9406795330834721, 'train/total_loss': tensor(0.1016, device='cuda:0'), 'train/mask_ratio': tensor(0.9554, device='cuda:0'), 'lr': 0.029907265699926754, 'train/prefecth_time': 0.004816224098205566, 'train/run_time': 0.23808029174804687, 'eval/loss': tensor(1.9731, device='cuda:0'), 'eval/top-1-acc': 0.782959434542102, 'eval/top-5-acc': 0.9594345421020283, 'eval/precision': 0.8937299345125828, 'eval/recall': 0.8707152163814549, 'eval/F1': 0.8208114703377216, 'eval/AUC': 0.9870418754727267}, BEST_EVAL_ACC: 0.782959434542102, at 60000 iters
[2023-07-29 19:13:27,724 INFO] model saved: ./exp/shrinkmatch_svhn_40labels_seed0/model_best.pth
[2023-07-29 19:35:39,455 INFO] model saved: ./exp/shrinkmatch_svhn_40labels_seed0/latest_model.pth
[2023-07-29 19:35:49,849 INFO] confusion matrix:
[[9.65022936e-01 0.00000000e+00 4.01376147e-03 1.72018349e-03
  0.00000000e+00 3.44036697e-03 1.26146789e-02 5.73394495e-03
  5.73394495e-04 6.88073394e-03]
 [8.04079231e-03 5.43243773e-02 4.31457148e-03 3.13787017e-03
  8.62914297e-03 2.54951951e-03 1.56893509e-03 9.15277505e-01
  1.17670131e-03 9.80584428e-04]
 [9.64087732e-04 2.41021933e-04 9.65051820e-01 1.03639431e-02
  2.65124126e-03 5.06146059e-03 1.20510966e-03 1.13280309e-02
  4.82043866e-04 2.65124126e-03]
 [2.08188758e-03 0.00000000e+00 6.24566273e-03 9.54892436e-01
  2.42886884e-03 8.67453158e-03 3.12283137e-03 1.00624566e-02
  4.85773768e-03 7.63358779e-03]
 [1.98176774e-03 0.00000000e+00 2.77447483e-03 3.56718193e-03
  9.66706302e-01 7.92707095e-04 1.18906064e-03 2.14030916e-02
  3.96353547e-04 1.18906064e-03]
 [1.67785235e-03 4.19463087e-04 5.03355705e-03 1.63590604e-02
  3.35570470e-03 9.55956376e-01 7.55033557e-03 4.61409396e-03
  1.67785235e-03 3.35570470e-03]
 [4.55235205e-03 0.00000000e+00 1.01163379e-03 7.58725341e-03
  4.04653515e-03 6.06980273e-03 9.68133536e-01 4.04653515e-03
  2.02326758e-03 2.52908447e-03]
 [2.97176820e-03 4.95294700e-04 2.47647350e-03 3.96235760e-03
  9.90589401e-04 2.97176820e-03 0.00000000e+00 9.83655275e-01
  9.90589401e-04 1.48588410e-03]
 [3.61445783e-03 0.00000000e+00 2.40963855e-03 6.02409639e-03
  4.21686747e-03 2.40963855e-03 1.38554217e-02 3.01204819e-03
  9.58433735e-01 6.02409639e-03]
 [7.52351097e-03 0.00000000e+00 1.37931034e-02 4.38871473e-03
  1.88087774e-03 1.25391850e-03 2.50783699e-03 8.15047022e-03
  3.13479624e-03 9.57366771e-01]]
