[2023-07-29 13:26:48,510 WARNING] USE GPU: 0 for training
[2023-07-29 13:26:48,585 INFO] Number of Trainable Params: 1475284
[2023-07-29 13:26:52,280 INFO] model_arch: <models.shrinkmatch.shrinkmatch.ShrinkMatch object at 0x7f5f2b7b8040>
[2023-07-29 13:26:52,280 INFO] Arguments: Namespace(T=0.5, alg='shrinkmatch', amp=False, batch_size=64, bn_momentum=0.0010000000000000009, c='config/shrinkmatch_svhn_250labels_seed0.yaml', clip=0, data_dir='./data', dataset='svhn', depth=28, dist_backend='nccl', dist_url='tcp://127.0.0.1:25126', distributed=True, dropout=0.0, ema_m=0.999, epoch=1, eval_batch_size=1024, gpu=0, hard_label=True, leaky_slope=0.1, load_path='None', lr=0.03, momentum=0.9, multiprocessing_distributed=True, net='WideResNet', net_from_name=False, num_classes=10, num_eval_iter=5000, num_labels=250, num_train_iter=1048576, num_workers=1, optim='SGD', overwrite=False, p_cutoff=0.95, rank=0, resume=False, save_dir='./exp', save_name='shrinkmatch_svhn_250labels_seed0', seed=0, train_sampler='RandomSampler', ulb_loss_ratio=1.0, uratio=7, use_da=False, use_tensorboard=True, weight_decay=0.0005, widen_factor=2, world_size=1)
[2023-07-29 13:27:17,947 INFO] [!] data loader keys: dict_keys(['train_lb', 'train_ulb', 'eval'])
[2023-07-29 13:27:31,906 INFO] confusion matrix:
[[0.00000000e+00 8.02752294e-03 0.00000000e+00 0.00000000e+00
  0.00000000e+00 3.99082569e-01 0.00000000e+00 5.92889908e-01
  0.00000000e+00 0.00000000e+00]
 [0.00000000e+00 2.49068445e-02 0.00000000e+00 0.00000000e+00
  0.00000000e+00 4.27730928e-01 0.00000000e+00 5.47166111e-01
  0.00000000e+00 1.96116886e-04]
 [0.00000000e+00 1.47023379e-02 0.00000000e+00 0.00000000e+00
  0.00000000e+00 4.16244878e-01 0.00000000e+00 5.69052784e-01
  0.00000000e+00 0.00000000e+00]
 [0.00000000e+00 1.07564192e-02 0.00000000e+00 0.00000000e+00
  0.00000000e+00 4.13254684e-01 0.00000000e+00 5.75641915e-01
  0.00000000e+00 3.46981263e-04]
 [0.00000000e+00 1.90249703e-02 0.00000000e+00 0.00000000e+00
  0.00000000e+00 4.41141498e-01 0.00000000e+00 5.39833532e-01
  0.00000000e+00 0.00000000e+00]
 [0.00000000e+00 1.21644295e-02 0.00000000e+00 0.00000000e+00
  0.00000000e+00 3.94714765e-01 0.00000000e+00 5.93120805e-01
  0.00000000e+00 0.00000000e+00]
 [0.00000000e+00 1.61861406e-02 0.00000000e+00 0.00000000e+00
  0.00000000e+00 4.20333839e-01 0.00000000e+00 5.63480020e-01
  0.00000000e+00 0.00000000e+00]
 [0.00000000e+00 9.90589401e-03 0.00000000e+00 0.00000000e+00
  0.00000000e+00 4.12085191e-01 0.00000000e+00 5.77018326e-01
  0.00000000e+00 9.90589401e-04]
 [0.00000000e+00 7.83132530e-03 0.00000000e+00 0.00000000e+00
  0.00000000e+00 4.03012048e-01 0.00000000e+00 5.88554217e-01
  0.00000000e+00 6.02409639e-04]
 [0.00000000e+00 1.56739812e-02 0.00000000e+00 0.00000000e+00
  0.00000000e+00 4.04388715e-01 0.00000000e+00 5.78683386e-01
  0.00000000e+00 1.25391850e-03]]
[2023-07-29 13:31:18,642 INFO] model saved: ./exp/shrinkmatch_svhn_250labels_seed0/latest_model.pth
[2023-07-29 13:31:36,325 INFO] confusion matrix:
[[0.00000000e+00 9.17431193e-03 0.00000000e+00 0.00000000e+00
  0.00000000e+00 4.04816514e-01 0.00000000e+00 5.86009174e-01
  0.00000000e+00 0.00000000e+00]
 [0.00000000e+00 2.68680133e-02 0.00000000e+00 0.00000000e+00
  0.00000000e+00 4.29692096e-01 0.00000000e+00 5.43243773e-01
  0.00000000e+00 1.96116886e-04]
 [0.00000000e+00 1.63894914e-02 0.00000000e+00 0.00000000e+00
  0.00000000e+00 4.22270427e-01 0.00000000e+00 5.61340082e-01
  0.00000000e+00 0.00000000e+00]
 [0.00000000e+00 1.42262318e-02 0.00000000e+00 0.00000000e+00
  0.00000000e+00 4.16724497e-01 0.00000000e+00 5.68702290e-01
  0.00000000e+00 3.46981263e-04]
 [0.00000000e+00 2.06103845e-02 0.00000000e+00 0.00000000e+00
  0.00000000e+00 4.46690448e-01 0.00000000e+00 5.32699168e-01
  0.00000000e+00 0.00000000e+00]
 [0.00000000e+00 1.42617450e-02 0.00000000e+00 0.00000000e+00
  0.00000000e+00 3.98070470e-01 0.00000000e+00 5.87667785e-01
  0.00000000e+00 0.00000000e+00]
 [0.00000000e+00 1.77035913e-02 0.00000000e+00 0.00000000e+00
  0.00000000e+00 4.25392008e-01 0.00000000e+00 5.56904401e-01
  0.00000000e+00 0.00000000e+00]
 [0.00000000e+00 1.08964834e-02 0.00000000e+00 0.00000000e+00
  0.00000000e+00 4.15552254e-01 0.00000000e+00 5.73055968e-01
  0.00000000e+00 4.95294700e-04]
 [0.00000000e+00 1.08433735e-02 0.00000000e+00 0.00000000e+00
  0.00000000e+00 4.07228916e-01 0.00000000e+00 5.81927711e-01
  0.00000000e+00 0.00000000e+00]
 [0.00000000e+00 1.63009404e-02 0.00000000e+00 0.00000000e+00
  0.00000000e+00 4.08150470e-01 0.00000000e+00 5.74294671e-01
  0.00000000e+00 1.25391850e-03]]
[2023-07-29 13:31:36,333 INFO] 0 iteration, USE_EMA: True, {'train/sup_loss': tensor(2.4298, device='cuda:0'), 'train/certain_loss': tensor(0., device='cuda:0'), 'train/shrink_loss': tensor(0.0125, device='cuda:0'), 'train/shrink_loss_reweighted': tensor(0., device='cuda:0'), 'train/removed_class_idx': 8.993303370685194, 'train/uncertainty_avg': 0.1985072193462422, 'train/certain_ratio_ema': 0.0, 'train/total_loss': tensor(2.4298, device='cuda:0'), 'train/mask_ratio': tensor(0., device='cuda:0'), 'lr': 0.029999999999974228, 'train/prefecth_time': 222.528828125, 'train/run_time': 8.16247021484375, 'eval/loss': tensor(29.4316, device='cuda:0'), 'eval/top-1-acc': 0.08624001229256299, 'eval/top-5-acc': 0.5847034419176398, 'eval/precision': 0.0870926994025907, 'eval/recall': 0.09992483699310428, 'eval/F1': 0.03332739771273428, 'eval/AUC': 0.5034009235841636}, BEST_EVAL_ACC: 0.08624001229256299, at 0 iters
[2023-07-29 13:31:36,456 INFO] model saved: ./exp/shrinkmatch_svhn_250labels_seed0/model_best.pth
[2023-07-29 14:02:33,756 INFO] model saved: ./exp/shrinkmatch_svhn_250labels_seed0/latest_model.pth
[2023-07-29 14:02:55,275 INFO] confusion matrix:
[[9.33486239e-01 4.58715596e-03 5.73394495e-03 1.72018349e-03
  1.72018349e-03 6.88073394e-03 1.72018349e-02 1.14678899e-03
  2.86697248e-03 2.46559633e-02]
 [2.21612081e-02 9.07628947e-01 1.15708963e-02 2.15728574e-03
  2.47107276e-02 5.49127280e-03 6.07962346e-03 1.33359482e-02
  2.15728574e-03 4.70680526e-03]
 [2.41021933e-03 5.78452639e-03 9.47698241e-01 4.82043866e-03
  9.64087732e-03 1.30151844e-02 2.89226320e-03 4.82043866e-03
  2.41021933e-03 6.50759219e-03]
 [5.20471895e-03 1.70020819e-02 3.33102012e-02 5.37473976e-01
  1.80430257e-02 4.54545455e-02 8.32755031e-03 4.85773768e-03
  3.10895212e-01 1.94309507e-02]
 [3.96353547e-03 1.34760206e-02 3.96353547e-03 2.77447483e-03
  9.59968292e-01 3.56718193e-03 1.58541419e-03 1.58541419e-03
  3.96353547e-04 8.71977804e-03]
 [1.25838926e-03 5.45302013e-03 1.17449664e-02 2.05536913e-02
  6.71140940e-03 9.34144295e-01 1.17449664e-02 1.25838926e-03
  2.51677852e-03 4.61409396e-03]
 [1.31512393e-02 5.56398584e-03 3.54071826e-03 1.46686899e-02
  9.61052099e-03 2.22559433e-02 9.17046029e-01 5.05816894e-04
  7.08143652e-03 6.57561963e-03]
 [5.44824170e-03 3.81376919e-02 9.90589401e-03 1.23823675e-02
  4.95294700e-03 1.18870728e-02 4.95294700e-03 9.08370480e-01
  9.90589401e-04 2.97176820e-03]
 [1.26506024e-02 5.42168675e-03 5.42168675e-03 1.26506024e-02
  1.08433735e-02 1.50602410e-02 8.49397590e-02 0.00000000e+00
  8.17469880e-01 3.55421687e-02]
 [1.50470219e-02 6.89655172e-03 2.88401254e-02 6.26959248e-04
  7.52351097e-03 7.52351097e-03 3.76175549e-03 3.13479624e-03
  3.13479624e-03 9.23510972e-01]]
[2023-07-29 14:02:55,284 INFO] 5000 iteration, USE_EMA: True, {'train/sup_loss': tensor(0.0004, device='cuda:0'), 'train/certain_loss': tensor(0.1897, device='cuda:0'), 'train/shrink_loss': tensor(0.0618, device='cuda:0'), 'train/shrink_loss_reweighted': tensor(0.0512, device='cuda:0'), 'train/removed_class_idx': 3.0892851626276494, 'train/uncertainty_avg': 0.719230683874993, 'train/certain_ratio_ema': 0.828547390334926, 'train/total_loss': tensor(0.2412, device='cuda:0'), 'train/mask_ratio': tensor(0.8750, device='cuda:0'), 'lr': 0.029999355445794247, 'train/prefecth_time': 0.005076000213623047, 'train/run_time': 0.25847796630859377, 'eval/loss': tensor(0.4905, device='cuda:0'), 'eval/top-1-acc': 0.8782652120467117, 'eval/top-5-acc': 0.9879763368162262, 'eval/precision': 0.8662352481802994, 'eval/recall': 0.8786797350425968, 'eval/F1': 0.8652811261424477, 'eval/AUC': 0.9892445926396763}, BEST_EVAL_ACC: 0.8782652120467117, at 5000 iters
[2023-07-29 14:02:57,524 INFO] model saved: ./exp/shrinkmatch_svhn_250labels_seed0/model_best.pth
[2023-07-29 14:25:42,365 INFO] model saved: ./exp/shrinkmatch_svhn_250labels_seed0/latest_model.pth
[2023-07-29 14:26:06,198 INFO] confusion matrix:
[[9.41513761e-01 5.16055046e-03 6.30733945e-03 2.29357798e-03
  1.14678899e-03 6.30733945e-03 1.89220183e-02 1.14678899e-03
  2.29357798e-03 1.49082569e-02]
 [1.27475976e-02 9.41557168e-01 5.68738968e-03 2.54951951e-03
  1.70621691e-02 4.11845460e-03 3.72622083e-03 9.21749363e-03
  1.76505197e-03 1.56893509e-03]
 [1.68715353e-03 5.54350446e-03 9.54687877e-01 1.30151844e-02
  6.26657026e-03 6.98963606e-03 2.89226320e-03 3.13328513e-03
  4.82043866e-04 5.30248253e-03]
 [1.73490632e-03 9.02151284e-03 8.67453158e-03 9.29909785e-01
  7.28660652e-03 1.45732130e-02 4.16377516e-03 1.73490632e-03
  1.11034004e-02 1.17973629e-02]
 [2.77447483e-03 1.14942529e-02 3.17082838e-03 4.35988902e-03
  9.70669837e-01 1.18906064e-03 1.58541419e-03 7.92707095e-04
  3.96353547e-04 3.56718193e-03]
 [1.25838926e-03 4.19463087e-03 6.71140940e-03 1.76174497e-02
  5.45302013e-03 9.47147651e-01 1.09060403e-02 1.25838926e-03
  2.93624161e-03 2.51677852e-03]
 [7.58725341e-03 4.55235205e-03 1.51745068e-03 1.01163379e-02
  5.56398584e-03 1.16337886e-02 9.48406677e-01 1.01163379e-03
  5.56398584e-03 4.04653515e-03]
 [9.90589401e-04 2.72412085e-02 5.94353640e-03 8.91530461e-03
  4.45765230e-03 4.95294700e-03 4.45765230e-03 9.40564636e-01
  4.95294700e-04 1.98117880e-03]
 [6.02409639e-03 4.81927711e-03 4.21686747e-03 7.22891566e-03
  7.22891566e-03 6.02409639e-03 3.07228916e-02 0.00000000e+00
  9.21084337e-01 1.26506024e-02]
 [1.12852665e-02 6.89655172e-03 1.37931034e-02 5.64263323e-03
  6.26959248e-03 3.13479624e-03 2.50783699e-03 1.25391850e-03
  4.38871473e-03 9.44827586e-01]]
[2023-07-29 14:26:06,207 INFO] 10000 iteration, USE_EMA: True, {'train/sup_loss': tensor(0.0010, device='cuda:0'), 'train/certain_loss': tensor(0.1206, device='cuda:0'), 'train/shrink_loss': tensor(0.0272, device='cuda:0'), 'train/shrink_loss_reweighted': tensor(0.0250, device='cuda:0'), 'train/removed_class_idx': 2.972221396605167, 'train/uncertainty_avg': 0.7397723891450105, 'train/certain_ratio_ema': 0.9180253011479581, 'train/total_loss': tensor(0.1466, device='cuda:0'), 'train/mask_ratio': tensor(0.9196, device='cuda:0'), 'lr': 0.02999742232637523, 'train/prefecth_time': 0.005807168006896972, 'train/run_time': 0.25148844909667967, 'eval/loss': tensor(0.2343, device='cuda:0'), 'eval/top-1-acc': 0.9450291948371236, 'eval/top-5-acc': 0.9937384757221881, 'eval/precision': 0.9405188496673734, 'eval/recall': 0.9440369315807897, 'eval/F1': 0.9421118275327798, 'eval/AUC': 0.996232981171697}, BEST_EVAL_ACC: 0.9450291948371236, at 10000 iters
[2023-07-29 14:26:06,293 INFO] model saved: ./exp/shrinkmatch_svhn_250labels_seed0/model_best.pth
[2023-07-29 14:48:28,565 INFO] model saved: ./exp/shrinkmatch_svhn_250labels_seed0/latest_model.pth
[2023-07-29 14:48:38,842 INFO] confusion matrix:
[[9.51261468e-01 4.58715596e-03 3.44036697e-03 2.29357798e-03
  2.29357798e-03 4.58715596e-03 1.83486239e-02 1.14678899e-03
  1.72018349e-03 1.03211009e-02]
 [9.41361051e-03 9.52343597e-01 3.92233771e-03 3.13787017e-03
  1.49048833e-02 2.15728574e-03 2.94175328e-03 8.23690920e-03
  1.56893509e-03 1.37281820e-03]
 [1.44613160e-03 6.50759219e-03 9.57821162e-01 1.13280309e-02
  6.26657026e-03 6.26657026e-03 2.41021933e-03 3.37430706e-03
  2.41021933e-04 4.33839479e-03]
 [1.73490632e-03 9.36849410e-03 4.85773768e-03 9.51075642e-01
  3.81679389e-03 9.36849410e-03 3.46981263e-03 0.00000000e+00
  5.89868147e-03 1.04094379e-02]
 [2.77447483e-03 8.71977804e-03 1.58541419e-03 3.96353547e-03
  9.77407848e-01 7.92707095e-04 1.18906064e-03 7.92707095e-04
  3.96353547e-04 2.37812128e-03]
 [1.25838926e-03 4.19463087e-03 6.29194631e-03 1.46812081e-02
  4.19463087e-03 9.52181208e-01 1.04865772e-02 1.25838926e-03
  2.51677852e-03 2.93624161e-03]
 [6.57561963e-03 4.04653515e-03 2.02326758e-03 1.06221548e-02
  4.55235205e-03 1.01163379e-02 9.54476480e-01 1.01163379e-03
  3.54071826e-03 3.03490137e-03]
 [9.90589401e-04 2.57553244e-02 5.94353640e-03 5.44824170e-03
  2.97176820e-03 3.46706290e-03 1.48588410e-03 9.51461119e-01
  4.95294700e-04 1.98117880e-03]
 [4.81927711e-03 3.01204819e-03 3.61445783e-03 4.81927711e-03
  6.02409639e-03 6.02409639e-03 2.65060241e-02 0.00000000e+00
  9.36144578e-01 9.03614458e-03]
 [8.15047022e-03 5.01567398e-03 1.06583072e-02 5.64263323e-03
  5.01567398e-03 3.13479624e-03 1.88087774e-03 6.26959248e-04
  3.76175549e-03 9.56112853e-01]]
[2023-07-29 14:48:38,851 INFO] 15000 iteration, USE_EMA: True, {'train/sup_loss': tensor(0.0011, device='cuda:0'), 'train/certain_loss': tensor(0.0739, device='cuda:0'), 'train/shrink_loss': tensor(0.0280, device='cuda:0'), 'train/shrink_loss_reweighted': tensor(0.0261, device='cuda:0'), 'train/removed_class_idx': 3.2413781926282095, 'train/uncertainty_avg': 0.7371137642302011, 'train/certain_ratio_ema': 0.9321311223676977, 'train/total_loss': tensor(0.1011, device='cuda:0'), 'train/mask_ratio': tensor(0.9353, device='cuda:0'), 'lr': 0.029994200724750647, 'train/prefecth_time': 0.005407296180725098, 'train/run_time': 0.24949472045898438, 'eval/loss': tensor(0.2037, device='cuda:0'), 'eval/top-1-acc': 0.9547095881991395, 'eval/top-5-acc': 0.994199446834665, 'eval/precision': 0.9514542595696269, 'eval/recall': 0.9540285954026843, 'eval/F1': 0.9526178853010805, 'eval/AUC': 0.9967431699994055}, BEST_EVAL_ACC: 0.9547095881991395, at 15000 iters
[2023-07-29 14:48:40,448 INFO] model saved: ./exp/shrinkmatch_svhn_250labels_seed0/model_best.pth
[2023-07-29 15:11:06,170 INFO] model saved: ./exp/shrinkmatch_svhn_250labels_seed0/latest_model.pth
[2023-07-29 15:11:16,544 INFO] confusion matrix:
[[9.56995413e-01 5.16055046e-03 4.58715596e-03 2.29357798e-03
  5.73394495e-04 4.01376147e-03 1.37614679e-02 1.14678899e-03
  2.86697248e-03 8.60091743e-03]
 [9.21749363e-03 9.58030986e-01 3.72622083e-03 2.54951951e-03
  1.13747794e-02 2.15728574e-03 2.35340263e-03 7.06020788e-03
  1.37281820e-03 2.15728574e-03]
 [1.44613160e-03 6.98963606e-03 9.61918535e-01 1.01229212e-02
  4.09737286e-03 5.54350446e-03 2.16919740e-03 2.89226320e-03
  2.41021933e-04 4.57941673e-03]
 [2.42886884e-03 7.28660652e-03 4.85773768e-03 9.50034698e-01
  4.51075642e-03 1.11034004e-02 3.46981263e-03 6.93962526e-04
  4.85773768e-03 1.07564192e-02]
 [3.17082838e-03 9.11613159e-03 1.58541419e-03 3.17082838e-03
  9.77804201e-01 1.18906064e-03 7.92707095e-04 1.18906064e-03
  3.96353547e-04 1.58541419e-03]
 [1.67785235e-03 4.19463087e-03 2.93624161e-03 1.71979866e-02
  4.19463087e-03 9.54278523e-01 9.22818792e-03 1.25838926e-03
  1.67785235e-03 3.35570470e-03]
 [6.57561963e-03 3.54071826e-03 1.51745068e-03 9.61052099e-03
  4.04653515e-03 9.61052099e-03 9.59534648e-01 1.01163379e-03
  2.52908447e-03 2.02326758e-03]
 [9.90589401e-04 2.17929668e-02 4.95294700e-03 5.44824170e-03
  1.98117880e-03 3.46706290e-03 2.47647350e-03 9.56414066e-01
  4.95294700e-04 1.98117880e-03]
 [7.22891566e-03 3.61445783e-03 2.40963855e-03 6.02409639e-03
  5.42168675e-03 3.61445783e-03 1.98795181e-02 0.00000000e+00
  9.45180723e-01 6.62650602e-03]
 [7.52351097e-03 5.64263323e-03 1.19122257e-02 5.64263323e-03
  3.13479624e-03 2.50783699e-03 1.88087774e-03 6.26959248e-04
  5.01567398e-03 9.56112853e-01]]
[2023-07-29 15:11:16,555 INFO] 20000 iteration, USE_EMA: True, {'train/sup_loss': tensor(0.0010, device='cuda:0'), 'train/certain_loss': tensor(0.0914, device='cuda:0'), 'train/shrink_loss': tensor(0.0301, device='cuda:0'), 'train/shrink_loss_reweighted': tensor(0.0283, device='cuda:0'), 'train/removed_class_idx': 2.535713380102364, 'train/uncertainty_avg': 0.7746864078921676, 'train/certain_ratio_ema': 0.938453796660801, 'train/total_loss': tensor(0.1207, device='cuda:0'), 'train/mask_ratio': tensor(0.9375, device='cuda:0'), 'lr': 0.02998969077929826, 'train/prefecth_time': 0.00458022403717041, 'train/run_time': 0.24544047546386719, 'eval/loss': tensor(0.1904, device='cuda:0'), 'eval/top-1-acc': 0.958320528580209, 'eval/top-5-acc': 0.9944299323909035, 'eval/precision': 0.955119492774319, 'eval/recall': 0.9576304647245346, 'eval/F1': 0.9562926468023474, 'eval/AUC': 0.9969520926026323}, BEST_EVAL_ACC: 0.958320528580209, at 20000 iters
[2023-07-29 15:11:18,420 INFO] model saved: ./exp/shrinkmatch_svhn_250labels_seed0/model_best.pth
[2023-07-29 15:33:22,476 INFO] model saved: ./exp/shrinkmatch_svhn_250labels_seed0/latest_model.pth
[2023-07-29 15:33:46,095 INFO] confusion matrix:
[[9.57568807e-01 4.01376147e-03 4.01376147e-03 1.14678899e-03
  1.14678899e-03 4.01376147e-03 1.66284404e-02 1.14678899e-03
  2.29357798e-03 8.02752294e-03]
 [8.04079231e-03 9.59599922e-01 3.72622083e-03 2.94175328e-03
  1.15708963e-02 1.96116886e-03 2.74563640e-03 6.47185723e-03
  1.76505197e-03 1.17670131e-03]
 [9.64087732e-04 6.02554832e-03 9.63846710e-01 9.15883345e-03
  4.57941673e-03 6.50759219e-03 1.92817546e-03 2.41021933e-03
  4.82043866e-04 4.09737286e-03]
 [2.08188758e-03 6.93962526e-03 5.89868147e-03 9.52463567e-01
  4.16377516e-03 1.14503817e-02 2.77585010e-03 6.93962526e-04
  4.16377516e-03 9.36849410e-03]
 [2.77447483e-03 6.73801031e-03 3.17082838e-03 2.77447483e-03
  9.79389616e-01 7.92707095e-04 7.92707095e-04 7.92707095e-04
  3.96353547e-04 2.37812128e-03]
 [1.25838926e-03 3.77516779e-03 4.61409396e-03 1.30033557e-02
  3.77516779e-03 9.58892617e-01 8.38926174e-03 1.25838926e-03
  2.09731544e-03 2.93624161e-03]
 [5.56398584e-03 4.04653515e-03 1.51745068e-03 8.59888720e-03
  4.04653515e-03 1.11279717e-02 9.59534648e-01 1.01163379e-03
  3.03490137e-03 1.51745068e-03]
 [9.90589401e-04 2.22882615e-02 5.44824170e-03 4.45765230e-03
  1.98117880e-03 2.97176820e-03 9.90589401e-04 9.57899950e-01
  9.90589401e-04 1.98117880e-03]
 [4.81927711e-03 3.01204819e-03 1.20481928e-03 4.21686747e-03
  5.42168675e-03 4.21686747e-03 1.56626506e-02 0.00000000e+00
  9.54216867e-01 7.22891566e-03]
 [9.40438871e-03 5.64263323e-03 1.63009404e-02 3.76175549e-03
  3.13479624e-03 3.13479624e-03 2.50783699e-03 6.26959248e-04
  3.76175549e-03 9.51724138e-01]]
[2023-07-29 15:33:46,103 INFO] 25000 iteration, USE_EMA: True, {'train/sup_loss': tensor(0.0004, device='cuda:0'), 'train/certain_loss': tensor(0.0979, device='cuda:0'), 'train/shrink_loss': tensor(0.0329, device='cuda:0'), 'train/shrink_loss_reweighted': tensor(0.0310, device='cuda:0'), 'train/removed_class_idx': 2.694443695987862, 'train/uncertainty_avg': 0.7967878759257941, 'train/certain_ratio_ema': 0.94156450896648, 'train/total_loss': tensor(0.1293, device='cuda:0'), 'train/mask_ratio': tensor(0.9196, device='cuda:0'), 'lr': 0.0299838926837342, 'train/prefecth_time': 0.005729824066162109, 'train/run_time': 0.2725068664550781, 'eval/loss': tensor(0.1807, device='cuda:0'), 'eval/top-1-acc': 0.9602412415488629, 'eval/top-5-acc': 0.9946220036877689, 'eval/precision': 0.9574563772846332, 'eval/recall': 0.9595136843226119, 'eval/F1': 0.9584291101556124, 'eval/AUC': 0.9970977959927063}, BEST_EVAL_ACC: 0.9602412415488629, at 25000 iters
[2023-07-29 15:33:48,487 INFO] model saved: ./exp/shrinkmatch_svhn_250labels_seed0/model_best.pth
[2023-07-29 15:55:47,311 INFO] model saved: ./exp/shrinkmatch_svhn_250labels_seed0/latest_model.pth
[2023-07-29 15:55:57,635 INFO] confusion matrix:
[[9.60435780e-01 4.58715596e-03 5.73394495e-03 1.72018349e-03
  0.00000000e+00 3.44036697e-03 1.26146789e-02 1.14678899e-03
  2.29357798e-03 8.02752294e-03]
 [7.64855854e-03 9.63326142e-01 4.31457148e-03 2.15728574e-03
  9.41361051e-03 1.76505197e-03 2.35340263e-03 5.88350657e-03
  1.37281820e-03 1.76505197e-03]
 [1.20510966e-03 6.74861412e-03 9.66497951e-01 7.95372379e-03
  4.82043866e-03 5.06146059e-03 1.68715353e-03 2.89226320e-03
  2.41021933e-04 2.89226320e-03]
 [1.38792505e-03 6.93962526e-03 4.85773768e-03 9.51422623e-01
  4.16377516e-03 9.71547536e-03 4.16377516e-03 1.04094379e-03
  6.93962526e-03 9.36849410e-03]
 [2.37812128e-03 7.13436385e-03 1.18906064e-03 3.56718193e-03
  9.81371383e-01 7.92707095e-04 7.92707095e-04 1.18906064e-03
  7.92707095e-04 7.92707095e-04]
 [1.25838926e-03 2.93624161e-03 4.19463087e-03 1.25838926e-02
  3.35570470e-03 9.60570470e-01 7.96979866e-03 1.25838926e-03
  2.51677852e-03 3.35570470e-03]
 [4.55235205e-03 3.54071826e-03 5.05816894e-04 9.61052099e-03
  5.56398584e-03 9.61052099e-03 9.61052099e-01 1.51745068e-03
  3.03490137e-03 1.01163379e-03]
 [1.48588410e-03 2.08023774e-02 6.43883110e-03 3.96235760e-03
  1.98117880e-03 3.46706290e-03 9.90589401e-04 9.58395245e-01
  9.90589401e-04 1.48588410e-03]
 [5.42168675e-03 2.40963855e-03 2.40963855e-03 3.61445783e-03
  5.42168675e-03 2.40963855e-03 1.38554217e-02 0.00000000e+00
  9.57831325e-01 6.62650602e-03]
 [7.52351097e-03 5.64263323e-03 1.63009404e-02 4.38871473e-03
  3.76175549e-03 2.50783699e-03 1.25391850e-03 6.26959248e-04
  3.76175549e-03 9.54231975e-01]]
[2023-07-29 15:55:57,644 INFO] 30000 iteration, USE_EMA: True, {'train/sup_loss': tensor(0.0030, device='cuda:0'), 'train/certain_loss': tensor(0.1085, device='cuda:0'), 'train/shrink_loss': tensor(0.0381, device='cuda:0'), 'train/shrink_loss_reweighted': tensor(0.0359, device='cuda:0'), 'train/removed_class_idx': 2.9374990820315365, 'train/uncertainty_avg': 0.7501393196126558, 'train/certain_ratio_ema': 0.9438391430771381, 'train/total_loss': tensor(0.1475, device='cuda:0'), 'train/mask_ratio': tensor(0.9286, device='cuda:0'), 'lr': 0.029976806687104632, 'train/prefecth_time': 0.0044750719070434574, 'train/run_time': 0.24490296936035155, 'eval/loss': tensor(0.1729, device='cuda:0'), 'eval/top-1-acc': 0.9623540258143823, 'eval/top-5-acc': 0.9946220036877689, 'eval/precision': 0.959781915680377, 'eval/recall': 0.9615134994295651, 'eval/F1': 0.9606090892982777, 'eval/AUC': 0.9971666271525739}, BEST_EVAL_ACC: 0.9623540258143823, at 30000 iters
[2023-07-29 15:55:57,743 INFO] model saved: ./exp/shrinkmatch_svhn_250labels_seed0/model_best.pth
[2023-07-29 16:18:10,429 INFO] model saved: ./exp/shrinkmatch_svhn_250labels_seed0/latest_model.pth
[2023-07-29 16:18:21,136 INFO] confusion matrix:
[[9.63876147e-01 4.01376147e-03 3.44036697e-03 1.72018349e-03
  0.00000000e+00 3.44036697e-03 1.37614679e-02 1.72018349e-03
  2.29357798e-03 5.73394495e-03]
 [1.01980781e-02 9.59207688e-01 4.31457148e-03 2.94175328e-03
  9.60972740e-03 2.15728574e-03 1.96116886e-03 6.27574034e-03
  1.76505197e-03 1.56893509e-03]
 [7.23065799e-04 4.57941673e-03 9.67462039e-01 9.39985539e-03
  3.37430706e-03 5.54350446e-03 1.68715353e-03 3.61532899e-03
  4.82043866e-04 3.13328513e-03]
 [1.73490632e-03 5.55170021e-03 4.51075642e-03 9.58362248e-01
  3.81679389e-03 1.00624566e-02 2.77585010e-03 6.93962526e-04
  4.51075642e-03 7.98056905e-03]
 [2.37812128e-03 5.54894966e-03 1.98176774e-03 3.56718193e-03
  9.80975030e-01 7.92707095e-04 1.18906064e-03 7.92707095e-04
  7.92707095e-04 1.98176774e-03]
 [1.67785235e-03 2.93624161e-03 4.61409396e-03 1.09060403e-02
  3.77516779e-03 9.63926174e-01 5.87248322e-03 1.25838926e-03
  2.09731544e-03 2.93624161e-03]
 [6.06980273e-03 3.54071826e-03 0.00000000e+00 7.58725341e-03
  5.05816894e-03 7.08143652e-03 9.64592817e-01 1.51745068e-03
  3.54071826e-03 1.01163379e-03]
 [9.90589401e-04 1.73353145e-02 4.95294700e-03 4.45765230e-03
  1.48588410e-03 1.48588410e-03 4.95294700e-04 9.67310550e-01
  4.95294700e-04 9.90589401e-04]
 [5.42168675e-03 1.80722892e-03 1.80722892e-03 4.81927711e-03
  4.21686747e-03 2.40963855e-03 1.44578313e-02 0.00000000e+00
  9.59638554e-01 5.42168675e-03]
 [7.52351097e-03 4.38871473e-03 1.44200627e-02 5.01567398e-03
  2.50783699e-03 1.88087774e-03 3.13479624e-03 6.26959248e-04
  3.76175549e-03 9.56739812e-01]]
[2023-07-29 16:18:21,145 INFO] 35000 iteration, USE_EMA: True, {'train/sup_loss': tensor(0.0012, device='cuda:0'), 'train/certain_loss': tensor(0.1080, device='cuda:0'), 'train/shrink_loss': tensor(0.0319, device='cuda:0'), 'train/shrink_loss_reweighted': tensor(0.0302, device='cuda:0'), 'train/removed_class_idx': 2.652172759924887, 'train/uncertainty_avg': 0.7722408173900325, 'train/certain_ratio_ema': 0.9464969202901099, 'train/total_loss': tensor(0.1394, device='cuda:0'), 'train/mask_ratio': tensor(0.9487, device='cuda:0'), 'lr': 0.029968433093775056, 'train/prefecth_time': 0.00528275203704834, 'train/run_time': 0.24218067932128906, 'eval/loss': tensor(0.1699, device='cuda:0'), 'eval/top-1-acc': 0.9641979102642901, 'eval/top-5-acc': 0.9950445605408728, 'eval/precision': 0.9611562298982502, 'eval/recall': 0.9642091059584518, 'eval/F1': 0.962636721851714, 'eval/AUC': 0.99724371574719}, BEST_EVAL_ACC: 0.9641979102642901, at 35000 iters
[2023-07-29 16:18:22,827 INFO] model saved: ./exp/shrinkmatch_svhn_250labels_seed0/model_best.pth
[2023-07-29 16:40:22,988 INFO] model saved: ./exp/shrinkmatch_svhn_250labels_seed0/latest_model.pth
[2023-07-29 16:40:47,543 INFO] confusion matrix:
[[9.63302752e-01 5.73394495e-03 2.29357798e-03 2.29357798e-03
  0.00000000e+00 4.01376147e-03 1.20412844e-02 1.72018349e-03
  2.29357798e-03 6.30733945e-03]
 [8.82525985e-03 9.62737792e-01 3.13787017e-03 2.54951951e-03
  9.02137674e-03 1.56893509e-03 2.35340263e-03 6.86409100e-03
  1.37281820e-03 1.56893509e-03]
 [7.23065799e-04 5.54350446e-03 9.66497951e-01 8.43576765e-03
  4.09737286e-03 5.30248253e-03 1.92817546e-03 3.13328513e-03
  4.82043866e-04 3.85635093e-03]
 [1.38792505e-03 5.55170021e-03 4.51075642e-03 9.58709230e-01
  3.46981263e-03 1.07564192e-02 3.12283137e-03 6.93962526e-04
  4.85773768e-03 6.93962526e-03]
 [2.37812128e-03 5.94530321e-03 2.37812128e-03 3.17082838e-03
  9.80975030e-01 7.92707095e-04 7.92707095e-04 7.92707095e-04
  7.92707095e-04 1.98176774e-03]
 [1.67785235e-03 2.93624161e-03 3.35570470e-03 1.25838926e-02
  4.61409396e-03 9.61828859e-01 6.71140940e-03 1.25838926e-03
  2.09731544e-03 2.93624161e-03]
 [5.56398584e-03 3.54071826e-03 1.51745068e-03 6.06980273e-03
  4.04653515e-03 8.09307031e-03 9.65604451e-01 1.51745068e-03
  2.52908447e-03 1.51745068e-03]
 [1.48588410e-03 1.83259039e-02 4.95294700e-03 2.97176820e-03
  1.98117880e-03 1.98117880e-03 9.90589401e-04 9.64834076e-01
  9.90589401e-04 1.48588410e-03]
 [5.42168675e-03 2.40963855e-03 3.01204819e-03 4.81927711e-03
  4.81927711e-03 3.61445783e-03 1.44578313e-02 0.00000000e+00
  9.55421687e-01 6.02409639e-03]
 [7.52351097e-03 5.01567398e-03 1.50470219e-02 4.38871473e-03
  3.76175549e-03 2.50783699e-03 3.76175549e-03 0.00000000e+00
  3.76175549e-03 9.54231975e-01]]
[2023-07-29 16:40:47,554 INFO] 40000 iteration, USE_EMA: True, {'train/sup_loss': tensor(0.0005, device='cuda:0'), 'train/certain_loss': tensor(0.1008, device='cuda:0'), 'train/shrink_loss': tensor(0.0123, device='cuda:0'), 'train/shrink_loss_reweighted': tensor(0.0116, device='cuda:0'), 'train/removed_class_idx': 2.6153836094678424, 'train/uncertainty_avg': 0.7358359259990942, 'train/certain_ratio_ema': 0.9476510358083037, 'train/total_loss': tensor(0.1130, device='cuda:0'), 'train/mask_ratio': tensor(0.9420, device='cuda:0'), 'lr': 0.029958772263417244, 'train/prefecth_time': 0.004571455955505371, 'train/run_time': 0.24428985595703126, 'eval/loss': tensor(0.1672, device='cuda:0'), 'eval/top-1-acc': 0.9640058389674248, 'eval/top-5-acc': 0.9951213890596189, 'eval/precision': 0.9610887141839346, 'eval/recall': 0.9634143802952201, 'eval/F1': 0.9622070064816161, 'eval/AUC': 0.9972376809390189}, BEST_EVAL_ACC: 0.9641979102642901, at 35000 iters
[2023-07-29 17:02:46,820 INFO] model saved: ./exp/shrinkmatch_svhn_250labels_seed0/latest_model.pth
[2023-07-29 17:02:57,175 INFO] confusion matrix:
[[9.66743119e-01 4.01376147e-03 2.86697248e-03 1.14678899e-03
  0.00000000e+00 4.58715596e-03 1.03211009e-02 1.72018349e-03
  2.29357798e-03 6.30733945e-03]
 [7.84467543e-03 9.64502844e-01 3.33398706e-03 2.15728574e-03
  8.62914297e-03 1.37281820e-03 2.74563640e-03 6.86409100e-03
  1.37281820e-03 1.17670131e-03]
 [7.23065799e-04 5.78452639e-03 9.68667149e-01 6.98963606e-03
  3.37430706e-03 5.30248253e-03 1.44613160e-03 3.13328513e-03
  1.20510966e-03 3.37430706e-03]
 [1.04094379e-03 5.89868147e-03 5.55170021e-03 9.56627342e-01
  4.16377516e-03 9.36849410e-03 2.77585010e-03 3.46981263e-04
  5.89868147e-03 8.32755031e-03]
 [2.37812128e-03 7.53071740e-03 2.37812128e-03 2.77447483e-03
  9.80578676e-01 7.92707095e-04 7.92707095e-04 1.18906064e-03
  3.96353547e-04 1.18906064e-03]
 [1.67785235e-03 3.35570470e-03 3.77516779e-03 1.34228188e-02
  3.77516779e-03 9.58892617e-01 8.38926174e-03 8.38926174e-04
  2.93624161e-03 2.93624161e-03]
 [6.57561963e-03 4.04653515e-03 5.05816894e-04 4.55235205e-03
  4.04653515e-03 7.08143652e-03 9.67121902e-01 1.01163379e-03
  4.04653515e-03 1.01163379e-03]
 [1.48588410e-03 1.83259039e-02 5.94353640e-03 4.95294700e-03
  9.90589401e-04 1.98117880e-03 4.95294700e-04 9.63348192e-01
  4.95294700e-04 1.98117880e-03]
 [4.81927711e-03 3.01204819e-03 1.80722892e-03 6.02409639e-03
  3.01204819e-03 2.40963855e-03 1.62650602e-02 0.00000000e+00
  9.56626506e-01 6.02409639e-03]
 [8.77742947e-03 4.38871473e-03 1.94357367e-02 4.38871473e-03
  3.13479624e-03 2.50783699e-03 1.25391850e-03 0.00000000e+00
  5.01567398e-03 9.51097179e-01]]
[2023-07-29 17:02:57,184 INFO] 45000 iteration, USE_EMA: True, {'train/sup_loss': tensor(0.0005, device='cuda:0'), 'train/certain_loss': tensor(0.0763, device='cuda:0'), 'train/shrink_loss': tensor(0.0269, device='cuda:0'), 'train/shrink_loss_reweighted': tensor(0.0256, device='cuda:0'), 'train/removed_class_idx': 2.9599988160004735, 'train/uncertainty_avg': 0.7467243688593858, 'train/certain_ratio_ema': 0.9488152308686695, 'train/total_loss': tensor(0.1023, device='cuda:0'), 'train/mask_ratio': tensor(0.9442, device='cuda:0'), 'lr': 0.029947824610993785, 'train/prefecth_time': 0.006243199825286865, 'train/run_time': 0.24425663757324217, 'eval/loss': tensor(0.1675, device='cuda:0'), 'eval/top-1-acc': 0.9642747387830363, 'eval/top-5-acc': 0.9952750460971113, 'eval/precision': 0.9614777753120874, 'eval/recall': 0.963420552617712, 'eval/F1': 0.9624162303340913, 'eval/AUC': 0.9972337682849459}, BEST_EVAL_ACC: 0.9642747387830363, at 45000 iters
[2023-07-29 17:02:58,637 INFO] model saved: ./exp/shrinkmatch_svhn_250labels_seed0/model_best.pth
[2023-07-29 17:25:10,265 INFO] model saved: ./exp/shrinkmatch_svhn_250labels_seed0/latest_model.pth
[2023-07-29 17:25:20,718 INFO] confusion matrix:
[[9.70183486e-01 5.16055046e-03 4.01376147e-03 1.72018349e-03
  0.00000000e+00 3.44036697e-03 6.30733945e-03 1.14678899e-03
  1.72018349e-03 6.30733945e-03]
 [8.23690920e-03 9.65091194e-01 3.53010394e-03 2.54951951e-03
  9.02137674e-03 1.37281820e-03 2.35340263e-03 5.68738968e-03
  1.17670131e-03 9.80584428e-04]
 [7.23065799e-04 5.54350446e-03 9.69631236e-01 7.71270186e-03
  2.89226320e-03 4.57941673e-03 1.68715353e-03 2.41021933e-03
  7.23065799e-04 4.09737286e-03]
 [1.73490632e-03 5.89868147e-03 4.85773768e-03 9.62873005e-01
  2.77585010e-03 7.63358779e-03 3.12283137e-03 3.46981263e-04
  4.85773768e-03 5.89868147e-03]
 [2.37812128e-03 7.53071740e-03 2.77447483e-03 3.17082838e-03
  9.77804201e-01 1.18906064e-03 7.92707095e-04 1.58541419e-03
  1.18906064e-03 1.58541419e-03]
 [1.67785235e-03 3.77516779e-03 4.61409396e-03 1.51006711e-02
  2.93624161e-03 9.58473154e-01 7.96979866e-03 8.38926174e-04
  2.09731544e-03 2.51677852e-03]
 [5.56398584e-03 3.54071826e-03 1.01163379e-03 6.06980273e-03
  4.04653515e-03 6.57561963e-03 9.67627719e-01 1.01163379e-03
  3.03490137e-03 1.51745068e-03]
 [1.98117880e-03 1.93164933e-02 3.96235760e-03 3.46706290e-03
  1.98117880e-03 2.47647350e-03 9.90589401e-04 9.63843487e-01
  4.95294700e-04 1.48588410e-03]
 [5.42168675e-03 1.80722892e-03 1.80722892e-03 6.02409639e-03
  2.40963855e-03 2.40963855e-03 1.32530120e-02 0.00000000e+00
  9.58433735e-01 8.43373494e-03]
 [5.01567398e-03 4.38871473e-03 1.94357367e-02 4.38871473e-03
  1.88087774e-03 2.50783699e-03 1.25391850e-03 0.00000000e+00
  4.38871473e-03 9.56739812e-01]]
[2023-07-29 17:25:20,727 INFO] 50000 iteration, USE_EMA: True, {'train/sup_loss': tensor(0.0003, device='cuda:0'), 'train/certain_loss': tensor(0.1249, device='cuda:0'), 'train/shrink_loss': tensor(0.0148, device='cuda:0'), 'train/shrink_loss_reweighted': tensor(0.0140, device='cuda:0'), 'train/removed_class_idx': 3.214283418368987, 'train/uncertainty_avg': 0.7217759613739079, 'train/certain_ratio_ema': 0.9492003131035559, 'train/total_loss': tensor(0.1392, device='cuda:0'), 'train/mask_ratio': tensor(0.9688, device='cuda:0'), 'lr': 0.029935590606740264, 'train/prefecth_time': 0.0046323838233947754, 'train/run_time': 0.2792906494140625, 'eval/loss': tensor(0.1641, device='cuda:0'), 'eval/top-1-acc': 0.9656960663798402, 'eval/top-5-acc': 0.9953902888752305, 'eval/precision': 0.9635358419070619, 'eval/recall': 0.9650701030093118, 'eval/F1': 0.9642694599270143, 'eval/AUC': 0.9972427545346136}, BEST_EVAL_ACC: 0.9656960663798402, at 50000 iters
[2023-07-29 17:25:22,295 INFO] model saved: ./exp/shrinkmatch_svhn_250labels_seed0/model_best.pth
[2023-07-29 17:47:22,917 INFO] model saved: ./exp/shrinkmatch_svhn_250labels_seed0/latest_model.pth
[2023-07-29 17:47:47,075 INFO] confusion matrix:
[[9.69610092e-01 4.58715596e-03 2.86697248e-03 2.29357798e-03
  0.00000000e+00 3.44036697e-03 6.88073394e-03 1.14678899e-03
  1.72018349e-03 7.45412844e-03]
 [8.04079231e-03 9.66071779e-01 2.94175328e-03 2.54951951e-03
  8.82525985e-03 1.56893509e-03 2.15728574e-03 5.29515591e-03
  9.80584428e-04 1.56893509e-03]
 [7.23065799e-04 5.78452639e-03 9.67703061e-01 9.88189925e-03
  2.16919740e-03 5.78452639e-03 1.68715353e-03 1.92817546e-03
  1.20510966e-03 3.13328513e-03]
 [1.73490632e-03 5.89868147e-03 4.16377516e-03 9.62526024e-01
  2.42886884e-03 7.98056905e-03 2.77585010e-03 3.46981263e-04
  5.89868147e-03 6.24566273e-03]
 [2.77447483e-03 8.32342449e-03 2.37812128e-03 3.96353547e-03
  9.77804201e-01 7.92707095e-04 7.92707095e-04 1.18906064e-03
  7.92707095e-04 1.18906064e-03]
 [8.38926174e-04 3.35570470e-03 4.19463087e-03 1.42617450e-02
  3.35570470e-03 9.60989933e-01 7.13087248e-03 1.25838926e-03
  1.67785235e-03 2.93624161e-03]
 [5.56398584e-03 3.03490137e-03 5.05816894e-04 8.09307031e-03
  3.03490137e-03 8.09307031e-03 9.65604451e-01 1.01163379e-03
  3.03490137e-03 2.02326758e-03]
 [1.48588410e-03 1.98117880e-02 5.44824170e-03 4.45765230e-03
  2.47647350e-03 1.98117880e-03 9.90589401e-04 9.60871719e-01
  9.90589401e-04 1.48588410e-03]
 [4.81927711e-03 3.01204819e-03 1.80722892e-03 4.81927711e-03
  3.61445783e-03 1.80722892e-03 1.20481928e-02 0.00000000e+00
  9.60843373e-01 7.22891566e-03]
 [6.89655172e-03 5.64263323e-03 1.69278997e-02 3.76175549e-03
  6.26959248e-04 2.50783699e-03 1.25391850e-03 0.00000000e+00
  5.01567398e-03 9.57366771e-01]]
[2023-07-29 17:47:47,084 INFO] 55000 iteration, USE_EMA: True, {'train/sup_loss': tensor(0.0002, device='cuda:0'), 'train/certain_loss': tensor(0.0932, device='cuda:0'), 'train/shrink_loss': tensor(0.0380, device='cuda:0'), 'train/shrink_loss_reweighted': tensor(0.0361, device='cuda:0'), 'train/removed_class_idx': 2.999998928571811, 'train/uncertainty_avg': 0.7609428451209733, 'train/certain_ratio_ema': 0.9510430029657712, 'train/total_loss': tensor(0.1295, device='cuda:0'), 'train/mask_ratio': tensor(0.9375, device='cuda:0'), 'lr': 0.02992207077614505, 'train/prefecth_time': 0.004739840030670166, 'train/run_time': 0.2515001220703125, 'eval/loss': tensor(0.1636, device='cuda:0'), 'eval/top-1-acc': 0.9655424093423479, 'eval/top-5-acc': 0.9949293177627535, 'eval/precision': 0.9633712817629313, 'eval/recall': 0.9649391403845184, 'eval/F1': 0.9641227194168971, 'eval/AUC': 0.9972786521814236}, BEST_EVAL_ACC: 0.9656960663798402, at 50000 iters
[2023-07-29 18:09:43,869 INFO] model saved: ./exp/shrinkmatch_svhn_250labels_seed0/latest_model.pth
[2023-07-29 18:10:09,237 INFO] confusion matrix:
[[9.69610092e-01 4.58715596e-03 2.86697248e-03 1.72018349e-03
  0.00000000e+00 2.29357798e-03 1.03211009e-02 1.14678899e-03
  1.14678899e-03 6.30733945e-03]
 [7.06020788e-03 9.67052363e-01 3.53010394e-03 2.35340263e-03
  8.43302608e-03 1.76505197e-03 2.54951951e-03 5.29515591e-03
  1.17670131e-03 7.84467543e-04]
 [7.23065799e-04 4.82043866e-03 9.69872258e-01 8.43576765e-03
  3.13328513e-03 5.06146059e-03 1.44613160e-03 2.89226320e-03
  4.82043866e-04 3.13328513e-03]
 [2.08188758e-03 6.93962526e-03 4.85773768e-03 9.61485080e-01
  2.42886884e-03 7.98056905e-03 3.12283137e-03 3.46981263e-04
  4.16377516e-03 6.59264400e-03]
 [2.77447483e-03 7.53071740e-03 1.58541419e-03 3.96353547e-03
  9.79389616e-01 7.92707095e-04 7.92707095e-04 1.18906064e-03
  7.92707095e-04 1.18906064e-03]
 [8.38926174e-04 3.77516779e-03 4.61409396e-03 1.63590604e-02
  4.19463087e-03 9.56375839e-01 8.38926174e-03 1.25838926e-03
  1.67785235e-03 2.51677852e-03]
 [6.57561963e-03 2.52908447e-03 5.05816894e-04 7.08143652e-03
  3.54071826e-03 6.57561963e-03 9.67627719e-01 1.01163379e-03
  3.03490137e-03 1.51745068e-03]
 [9.90589401e-04 1.78306092e-02 3.96235760e-03 4.45765230e-03
  1.48588410e-03 9.90589401e-04 9.90589401e-04 9.67805844e-01
  0.00000000e+00 1.48588410e-03]
 [4.81927711e-03 2.40963855e-03 1.20481928e-03 5.42168675e-03
  3.61445783e-03 3.01204819e-03 1.56626506e-02 0.00000000e+00
  9.57831325e-01 6.02409639e-03]
 [8.15047022e-03 6.26959248e-03 1.56739812e-02 4.38871473e-03
  1.25391850e-03 2.50783699e-03 1.25391850e-03 6.26959248e-04
  4.38871473e-03 9.55485893e-01]]
[2023-07-29 18:10:09,245 INFO] 60000 iteration, USE_EMA: True, {'train/sup_loss': tensor(0.0003, device='cuda:0'), 'train/certain_loss': tensor(0.0871, device='cuda:0'), 'train/shrink_loss': tensor(0.0147, device='cuda:0'), 'train/shrink_loss_reweighted': tensor(0.0140, device='cuda:0'), 'train/removed_class_idx': 2.473682908587943, 'train/uncertainty_avg': 0.7702145365647377, 'train/certain_ratio_ema': 0.9515887895893315, 'train/total_loss': tensor(0.1015, device='cuda:0'), 'train/mask_ratio': tensor(0.9576, device='cuda:0'), 'lr': 0.029907265699926754, 'train/prefecth_time': 0.004396543979644775, 'train/run_time': 0.24101901245117188, 'eval/loss': tensor(0.1619, device='cuda:0'), 'eval/top-1-acc': 0.9660802089735709, 'eval/top-5-acc': 0.9953134603564844, 'eval/precision': 0.9639684647716023, 'eval/recall': 0.9652536029557431, 'eval/F1': 0.9645718808226752, 'eval/AUC': 0.9973220735919622}, BEST_EVAL_ACC: 0.9660802089735709, at 60000 iters
[2023-07-29 18:10:10,526 INFO] model saved: ./exp/shrinkmatch_svhn_250labels_seed0/model_best.pth
[2023-07-29 18:32:06,984 INFO] model saved: ./exp/shrinkmatch_svhn_250labels_seed0/latest_model.pth
[2023-07-29 18:32:17,479 INFO] confusion matrix:
[[9.71330275e-01 4.01376147e-03 4.01376147e-03 1.72018349e-03
  0.00000000e+00 3.44036697e-03 8.60091743e-03 1.14678899e-03
  1.14678899e-03 4.58715596e-03]
 [7.64855854e-03 9.67640714e-01 3.13787017e-03 2.35340263e-03
  8.04079231e-03 1.56893509e-03 1.76505197e-03 5.49127280e-03
  1.17670131e-03 1.17670131e-03]
 [7.23065799e-04 5.30248253e-03 9.71077368e-01 6.74861412e-03
  2.16919740e-03 4.82043866e-03 1.92817546e-03 2.65124126e-03
  7.23065799e-04 3.85635093e-03]
 [2.77585010e-03 7.28660652e-03 4.85773768e-03 9.61138099e-01
  2.77585010e-03 6.93962526e-03 3.12283137e-03 6.93962526e-04
  5.89868147e-03 4.51075642e-03]
 [2.77447483e-03 8.32342449e-03 1.98176774e-03 3.17082838e-03
  9.78596908e-01 7.92707095e-04 7.92707095e-04 1.18906064e-03
  7.92707095e-04 1.58541419e-03]
 [1.67785235e-03 2.93624161e-03 4.61409396e-03 1.30033557e-02
  5.03355705e-03 9.60151007e-01 7.13087248e-03 1.25838926e-03
  1.25838926e-03 2.93624161e-03]
 [6.57561963e-03 3.03490137e-03 5.05816894e-04 6.57561963e-03
  3.54071826e-03 8.59888720e-03 9.64592817e-01 1.51745068e-03
  3.03490137e-03 2.02326758e-03]
 [2.47647350e-03 2.12976721e-02 4.45765230e-03 2.97176820e-03
