[2023-07-29 13:26:55,440 WARNING] USE GPU: 0 for training
[2023-07-29 13:26:55,501 INFO] Number of Trainable Params: 1475284
[2023-07-29 13:26:59,686 INFO] model_arch: <models.shrinkmatch.shrinkmatch.ShrinkMatch object at 0x7fda75c43040>
[2023-07-29 13:26:59,687 INFO] Arguments: Namespace(T=0.5, alg='shrinkmatch', amp=False, batch_size=64, bn_momentum=0.0010000000000000009, c='config/shrinkmatch_svhn_250labels_seed1.yaml', clip=0, data_dir='./data', dataset='svhn', depth=28, dist_backend='nccl', dist_url='tcp://127.0.0.1:24821', distributed=True, dropout=0.0, ema_m=0.999, epoch=1, eval_batch_size=1024, gpu=0, hard_label=True, leaky_slope=0.1, load_path='None', lr=0.03, momentum=0.9, multiprocessing_distributed=True, net='WideResNet', net_from_name=False, num_classes=10, num_eval_iter=5000, num_labels=250, num_train_iter=1048576, num_workers=1, optim='SGD', overwrite=False, p_cutoff=0.95, rank=0, resume=False, save_dir='./exp', save_name='shrinkmatch_svhn_250labels_seed1', seed=1, train_sampler='RandomSampler', ulb_loss_ratio=1.0, uratio=7, use_da=False, use_tensorboard=True, weight_decay=0.0005, widen_factor=2, world_size=1)
[2023-07-29 13:27:21,747 INFO] [!] data loader keys: dict_keys(['train_lb', 'train_ulb', 'eval'])
[2023-07-29 13:27:33,957 INFO] confusion matrix:
[[1. 0. 0. 0. 0. 0. 0. 0. 0. 0.]
 [1. 0. 0. 0. 0. 0. 0. 0. 0. 0.]
 [1. 0. 0. 0. 0. 0. 0. 0. 0. 0.]
 [1. 0. 0. 0. 0. 0. 0. 0. 0. 0.]
 [1. 0. 0. 0. 0. 0. 0. 0. 0. 0.]
 [1. 0. 0. 0. 0. 0. 0. 0. 0. 0.]
 [1. 0. 0. 0. 0. 0. 0. 0. 0. 0.]
 [1. 0. 0. 0. 0. 0. 0. 0. 0. 0.]
 [1. 0. 0. 0. 0. 0. 0. 0. 0. 0.]
 [1. 0. 0. 0. 0. 0. 0. 0. 0. 0.]]
[2023-07-29 13:31:24,035 INFO] model saved: ./exp/shrinkmatch_svhn_250labels_seed1/latest_model.pth
[2023-07-29 13:31:42,528 INFO] confusion matrix:
[[1. 0. 0. 0. 0. 0. 0. 0. 0. 0.]
 [1. 0. 0. 0. 0. 0. 0. 0. 0. 0.]
 [1. 0. 0. 0. 0. 0. 0. 0. 0. 0.]
 [1. 0. 0. 0. 0. 0. 0. 0. 0. 0.]
 [1. 0. 0. 0. 0. 0. 0. 0. 0. 0.]
 [1. 0. 0. 0. 0. 0. 0. 0. 0. 0.]
 [1. 0. 0. 0. 0. 0. 0. 0. 0. 0.]
 [1. 0. 0. 0. 0. 0. 0. 0. 0. 0.]
 [1. 0. 0. 0. 0. 0. 0. 0. 0. 0.]
 [1. 0. 0. 0. 0. 0. 0. 0. 0. 0.]]
[2023-07-29 13:31:42,536 INFO] 0 iteration, USE_EMA: True, {'train/sup_loss': tensor(2.3832, device='cuda:0'), 'train/certain_loss': tensor(0., device='cuda:0'), 'train/shrink_loss': tensor(0.0215, device='cuda:0'), 'train/shrink_loss_reweighted': tensor(0., device='cuda:0'), 'train/removed_class_idx': 8.991071227877875, 'train/uncertainty_avg': 0.21073586931377492, 'train/certain_ratio_ema': 0.0, 'train/total_loss': tensor(2.3832, device='cuda:0'), 'train/mask_ratio': tensor(0., device='cuda:0'), 'lr': 0.029999999999974228, 'train/prefecth_time': 227.391140625, 'train/run_time': 8.10386962890625, 'eval/loss': tensor(27.8455, device='cuda:0'), 'eval/top-1-acc': 0.06699446834665028, 'eval/top-5-acc': 0.5449062692071297, 'eval/precision': 0.006699446834665028, 'eval/recall': 0.1, 'eval/F1': 0.012557603686635943, 'eval/AUC': 0.49209972347778297}, BEST_EVAL_ACC: 0.06699446834665028, at 0 iters
[2023-07-29 13:31:42,660 INFO] model saved: ./exp/shrinkmatch_svhn_250labels_seed1/model_best.pth
[2023-07-29 13:59:37,753 INFO] model saved: ./exp/shrinkmatch_svhn_250labels_seed1/latest_model.pth
[2023-07-29 14:00:00,192 INFO] confusion matrix:
[[9.39220183e-01 3.44036697e-03 6.88073394e-03 2.86697248e-03
  3.44036697e-03 4.58715596e-03 1.49082569e-02 1.14678899e-03
  5.73394495e-03 1.77752294e-02]
 [2.11806237e-02 9.21553246e-01 8.43302608e-03 4.31457148e-03
  1.98078055e-02 4.90292214e-03 4.90292214e-03 8.04079231e-03
  3.33398706e-03 3.53010394e-03]
 [2.65124126e-03 9.15883345e-03 9.41431670e-01 1.49433598e-02
  7.71270186e-03 7.95372379e-03 2.41021933e-03 6.50759219e-03
  1.44613160e-03 5.78452639e-03]
 [4.16377516e-03 1.87369882e-02 1.38792505e-02 8.86190146e-01
  1.24913255e-02 1.80430257e-02 5.55170021e-03 1.38792505e-03
  2.39417071e-02 1.56141568e-02]
 [4.75624257e-03 1.62504954e-02 3.17082838e-03 4.75624257e-03
  9.57986524e-01 1.18906064e-03 3.17082838e-03 7.92707095e-04
  1.18906064e-03 6.73801031e-03]
 [1.67785235e-03 5.45302013e-03 8.38926174e-03 3.52348993e-02
  6.71140940e-03 9.21140940e-01 1.25838926e-02 2.09731544e-03
  2.93624161e-03 3.77516779e-03]
 [1.21396055e-02 6.57561963e-03 1.51745068e-03 1.06221548e-02
  8.09307031e-03 1.51745068e-02 9.31714719e-01 5.05816894e-04
  9.61052099e-03 4.04653515e-03]
 [3.96235760e-03 5.34918276e-02 4.45765230e-03 1.28776622e-02
  2.97176820e-03 4.95294700e-03 2.97176820e-03 9.08865775e-01
  2.47647350e-03 2.97176820e-03]
 [1.02409639e-02 6.02409639e-03 3.61445783e-03 1.02409639e-02
  1.32530120e-02 4.81927711e-03 2.53012048e-02 0.00000000e+00
  9.08433735e-01 1.80722892e-02]
 [9.40438871e-03 8.77742947e-03 1.88087774e-02 5.01567398e-03
  5.01567398e-03 2.50783699e-03 3.13479624e-03 3.76175549e-03
  7.52351097e-03 9.36050157e-01]]
[2023-07-29 14:00:00,201 INFO] 5000 iteration, USE_EMA: True, {'train/sup_loss': tensor(0.0005, device='cuda:0'), 'train/certain_loss': tensor(0.1340, device='cuda:0'), 'train/shrink_loss': tensor(0.0624, device='cuda:0'), 'train/shrink_loss_reweighted': tensor(0.0545, device='cuda:0'), 'train/removed_class_idx': 3.017543330255556, 'train/uncertainty_avg': 0.7420572110471587, 'train/certain_ratio_ema': 0.872924076443422, 'train/total_loss': tensor(0.1889, device='cuda:0'), 'train/mask_ratio': tensor(0.8728, device='cuda:0'), 'lr': 0.029999355445794247, 'train/prefecth_time': 0.004665696144104004, 'train/run_time': 0.2603548889160156, 'eval/loss': tensor(0.2864, device='cuda:0'), 'eval/top-1-acc': 0.9253226797787338, 'eval/top-5-acc': 0.9915872771972957, 'eval/precision': 0.9198133491049358, 'eval/recall': 0.9252587094898927, 'eval/F1': 0.9222364727547039, 'eval/AUC': 0.994935463006525}, BEST_EVAL_ACC: 0.9253226797787338, at 5000 iters
[2023-07-29 14:00:01,598 INFO] model saved: ./exp/shrinkmatch_svhn_250labels_seed1/model_best.pth
[2023-07-29 14:22:51,199 INFO] model saved: ./exp/shrinkmatch_svhn_250labels_seed1/latest_model.pth
[2023-07-29 14:23:15,624 INFO] confusion matrix:
[[9.44380734e-01 4.58715596e-03 5.16055046e-03 1.72018349e-03
  2.29357798e-03 5.16055046e-03 1.49082569e-02 1.72018349e-03
  4.01376147e-03 1.60550459e-02]
 [1.45126495e-02 9.43518337e-01 4.11845460e-03 3.13787017e-03
  1.54932340e-02 3.53010394e-03 3.53010394e-03 6.66797411e-03
  2.35340263e-03 3.13787017e-03]
 [2.16919740e-03 6.98963606e-03 9.51795613e-01 1.61484695e-02
  6.74861412e-03 6.26657026e-03 1.68715353e-03 3.37430706e-03
  4.82043866e-04 4.33839479e-03]
 [2.42886884e-03 8.67453158e-03 6.59264400e-03 9.44136017e-01
  5.20471895e-03 1.07564192e-02 4.16377516e-03 6.93962526e-04
  8.32755031e-03 9.02151284e-03]
 [3.56718193e-03 9.90883868e-03 2.37812128e-03 4.75624257e-03
  9.72651605e-01 1.18906064e-03 7.92707095e-04 1.18906064e-03
  3.96353547e-04 3.17082838e-03]
 [1.25838926e-03 5.03355705e-03 6.71140940e-03 2.30704698e-02
  4.61409396e-03 9.40855705e-01 1.17449664e-02 1.25838926e-03
  2.51677852e-03 2.93624161e-03]
 [9.10470410e-03 4.04653515e-03 1.01163379e-03 1.01163379e-02
  6.06980273e-03 1.11279717e-02 9.50429944e-01 5.05816894e-04
  4.04653515e-03 3.54071826e-03]
 [2.97176820e-03 3.31847449e-02 5.94353640e-03 6.93412580e-03
  2.97176820e-03 3.96235760e-03 1.48588410e-03 9.39574047e-01
  1.48588410e-03 1.48588410e-03]
 [7.22891566e-03 4.81927711e-03 2.40963855e-03 7.83132530e-03
  6.62650602e-03 2.40963855e-03 1.32530120e-02 0.00000000e+00
  9.44578313e-01 1.08433735e-02]
 [1.00313480e-02 4.38871473e-03 1.56739812e-02 5.01567398e-03
  4.38871473e-03 1.25391850e-03 1.88087774e-03 1.25391850e-03
  5.64263323e-03 9.50470219e-01]]
[2023-07-29 14:23:15,632 INFO] 10000 iteration, USE_EMA: True, {'train/sup_loss': tensor(0.0016, device='cuda:0'), 'train/certain_loss': tensor(0.1112, device='cuda:0'), 'train/shrink_loss': tensor(0.0415, device='cuda:0'), 'train/shrink_loss_reweighted': tensor(0.0382, device='cuda:0'), 'train/removed_class_idx': 2.599999350000162, 'train/uncertainty_avg': 0.7892495268373222, 'train/certain_ratio_ema': 0.9218748372320597, 'train/total_loss': tensor(0.1510, device='cuda:0'), 'train/mask_ratio': tensor(0.9107, device='cuda:0'), 'lr': 0.02999742232637523, 'train/prefecth_time': 0.005980480194091797, 'train/run_time': 0.2708160095214844, 'eval/loss': tensor(0.2267, device='cuda:0'), 'eval/top-1-acc': 0.9482559926244623, 'eval/top-5-acc': 0.9937384757221881, 'eval/precision': 0.94441890093811, 'eval/recall': 0.9482390534466131, 'eval/F1': 0.946186459564051, 'eval/AUC': 0.9964949822677542}, BEST_EVAL_ACC: 0.9482559926244623, at 10000 iters
[2023-07-29 14:23:16,820 INFO] model saved: ./exp/shrinkmatch_svhn_250labels_seed1/model_best.pth
[2023-07-29 14:45:49,406 INFO] model saved: ./exp/shrinkmatch_svhn_250labels_seed1/latest_model.pth
[2023-07-29 14:45:59,993 INFO] confusion matrix:
[[9.50688073e-01 4.01376147e-03 5.16055046e-03 2.29357798e-03
  5.73394495e-04 5.16055046e-03 1.60550459e-02 1.72018349e-03
  2.86697248e-03 1.14678899e-02]
 [1.21592469e-02 9.55089233e-01 3.53010394e-03 2.94175328e-03
  1.21592469e-02 2.54951951e-03 1.96116886e-03 6.27574034e-03
  1.37281820e-03 1.96116886e-03]
 [1.20510966e-03 6.02554832e-03 9.59508315e-01 1.30151844e-02
  4.09737286e-03 6.02554832e-03 1.68715353e-03 3.61532899e-03
  4.82043866e-04 4.33839479e-03]
 [3.12283137e-03 8.67453158e-03 5.89868147e-03 9.49687717e-01
  3.81679389e-03 1.11034004e-02 3.46981263e-03 3.46981263e-04
  4.85773768e-03 9.02151284e-03]
 [3.56718193e-03 9.90883868e-03 1.98176774e-03 4.75624257e-03
  9.74633373e-01 7.92707095e-04 7.92707095e-04 1.18906064e-03
  3.96353547e-04 1.98176774e-03]
 [1.25838926e-03 4.19463087e-03 5.87248322e-03 1.67785235e-02
  4.19463087e-03 9.51761745e-01 9.22818792e-03 1.25838926e-03
  2.51677852e-03 2.93624161e-03]
 [7.58725341e-03 4.04653515e-03 1.01163379e-03 6.57561963e-03
  4.55235205e-03 1.11279717e-02 9.59534648e-01 1.01163379e-03
  2.52908447e-03 2.02326758e-03]
 [1.98117880e-03 3.07082714e-02 6.43883110e-03 4.45765230e-03
  3.96235760e-03 2.97176820e-03 9.90589401e-04 9.46012878e-01
  9.90589401e-04 1.48588410e-03]
 [6.02409639e-03 3.01204819e-03 3.01204819e-03 4.81927711e-03
  5.42168675e-03 2.40963855e-03 1.26506024e-02 0.00000000e+00
  9.53614458e-01 9.03614458e-03]
 [8.77742947e-03 5.01567398e-03 1.69278997e-02 5.64263323e-03
  3.76175549e-03 1.88087774e-03 1.88087774e-03 6.26959248e-04
  3.76175549e-03 9.51724138e-01]]
[2023-07-29 14:46:00,001 INFO] 15000 iteration, USE_EMA: True, {'train/sup_loss': tensor(0.0007, device='cuda:0'), 'train/certain_loss': tensor(0.0918, device='cuda:0'), 'train/shrink_loss': tensor(0.0274, device='cuda:0'), 'train/shrink_loss_reweighted': tensor(0.0255, device='cuda:0'), 'train/removed_class_idx': 2.9062490917971586, 'train/uncertainty_avg': 0.7648796796323433, 'train/certain_ratio_ema': 0.9328564316398087, 'train/total_loss': tensor(0.1181, device='cuda:0'), 'train/mask_ratio': tensor(0.9286, device='cuda:0'), 'lr': 0.029994200724750647, 'train/prefecth_time': 0.005704448223114013, 'train/run_time': 0.2695879211425781, 'eval/loss': tensor(0.1991, device='cuda:0'), 'eval/top-1-acc': 0.9558236017209588, 'eval/top-5-acc': 0.9945067609096496, 'eval/precision': 0.9529962491066104, 'eval/recall': 0.9552254578514408, 'eval/F1': 0.9540351715527089, 'eval/AUC': 0.9968391978011851}, BEST_EVAL_ACC: 0.9558236017209588, at 15000 iters
[2023-07-29 14:46:01,152 INFO] model saved: ./exp/shrinkmatch_svhn_250labels_seed1/model_best.pth
[2023-07-29 15:08:24,581 INFO] model saved: ./exp/shrinkmatch_svhn_250labels_seed1/latest_model.pth
[2023-07-29 15:08:49,047 INFO] confusion matrix:
[[9.56995413e-01 5.73394495e-03 3.44036697e-03 1.14678899e-03
  5.73394495e-04 3.44036697e-03 1.43348624e-02 1.14678899e-03
  1.72018349e-03 1.14678899e-02]
 [9.80584428e-03 9.60384389e-01 3.72622083e-03 2.54951951e-03
  1.13747794e-02 2.35340263e-03 1.76505197e-03 5.49127280e-03
  1.56893509e-03 9.80584428e-04]
 [1.20510966e-03 6.98963606e-03 9.62882622e-01 1.20510966e-02
  3.37430706e-03 4.82043866e-03 1.68715353e-03 3.37430706e-03
  2.41021933e-04 3.37430706e-03]
 [2.42886884e-03 8.32755031e-03 6.59264400e-03 9.55586398e-01
  3.46981263e-03 8.32755031e-03 3.12283137e-03 6.93962526e-04
  4.16377516e-03 7.28660652e-03]
 [3.96353547e-03 9.51248514e-03 2.77447483e-03 4.75624257e-03
  9.73840666e-01 1.18906064e-03 7.92707095e-04 1.18906064e-03
  3.96353547e-04 1.58541419e-03]
 [1.25838926e-03 4.19463087e-03 5.03355705e-03 1.55201342e-02
  4.19463087e-03 9.55536913e-01 8.38926174e-03 1.25838926e-03
  2.09731544e-03 2.51677852e-03]
 [8.09307031e-03 4.04653515e-03 5.05816894e-04 6.06980273e-03
  3.03490137e-03 8.09307031e-03 9.64087001e-01 5.05816894e-04
  3.54071826e-03 2.02326758e-03]
 [2.47647350e-03 2.72412085e-02 5.94353640e-03 5.44824170e-03
  1.98117880e-03 2.97176820e-03 1.48588410e-03 9.50470530e-01
  9.90589401e-04 9.90589401e-04]
 [6.62650602e-03 3.61445783e-03 2.40963855e-03 5.42168675e-03
  4.81927711e-03 4.21686747e-03 1.14457831e-02 0.00000000e+00
  9.57831325e-01 3.61445783e-03]
 [8.15047022e-03 4.38871473e-03 1.37931034e-02 4.38871473e-03
  4.38871473e-03 2.50783699e-03 1.25391850e-03 1.25391850e-03
  4.38871473e-03 9.55485893e-01]]
[2023-07-29 15:08:49,055 INFO] 20000 iteration, USE_EMA: True, {'train/sup_loss': tensor(0.0004, device='cuda:0'), 'train/certain_loss': tensor(0.0842, device='cuda:0'), 'train/shrink_loss': tensor(0.0280, device='cuda:0'), 'train/shrink_loss_reweighted': tensor(0.0263, device='cuda:0'), 'train/removed_class_idx': 2.8275852318671615, 'train/uncertainty_avg': 0.7780268335522406, 'train/certain_ratio_ema': 0.9387456459516376, 'train/total_loss': tensor(0.1109, device='cuda:0'), 'train/mask_ratio': tensor(0.9353, device='cuda:0'), 'lr': 0.02998969077929826, 'train/prefecth_time': 0.004541247844696045, 'train/run_time': 0.24732131958007814, 'eval/loss': tensor(0.1843, device='cuda:0'), 'eval/top-1-acc': 0.9599339274738783, 'eval/top-5-acc': 0.9948909035033805, 'eval/precision': 0.9579212107876212, 'eval/recall': 0.9593101150407974, 'eval/F1': 0.9585613899073369, 'eval/AUC': 0.9970748147542748}, BEST_EVAL_ACC: 0.9599339274738783, at 20000 iters
[2023-07-29 15:08:51,148 INFO] model saved: ./exp/shrinkmatch_svhn_250labels_seed1/model_best.pth
[2023-07-29 15:31:12,552 INFO] model saved: ./exp/shrinkmatch_svhn_250labels_seed1/latest_model.pth
[2023-07-29 15:31:36,818 INFO] confusion matrix:
[[9.60435780e-01 4.01376147e-03 3.44036697e-03 1.72018349e-03
  0.00000000e+00 4.01376147e-03 9.17431193e-03 1.72018349e-03
  2.29357798e-03 1.31880734e-02]
 [8.82525985e-03 9.63326142e-01 3.72622083e-03 1.96116886e-03
  1.07864287e-02 1.96116886e-03 2.15728574e-03 4.90292214e-03
  1.37281820e-03 9.80584428e-04]
 [9.64087732e-04 6.50759219e-03 9.62641600e-01 1.13280309e-02
  4.09737286e-03 4.82043866e-03 1.68715353e-03 3.13328513e-03
  9.64087732e-04 3.85635093e-03]
 [1.38792505e-03 7.98056905e-03 5.89868147e-03 9.56280361e-01
  3.46981263e-03 8.67453158e-03 2.42886884e-03 0.00000000e+00
  3.81679389e-03 1.00624566e-02]
 [3.56718193e-03 8.71977804e-03 1.58541419e-03 4.35988902e-03
  9.77407848e-01 7.92707095e-04 7.92707095e-04 7.92707095e-04
  3.96353547e-04 1.58541419e-03]
 [1.25838926e-03 3.35570470e-03 5.45302013e-03 1.51006711e-02
  4.19463087e-03 9.57634228e-01 7.96979866e-03 1.25838926e-03
  1.25838926e-03 2.51677852e-03]
 [6.06980273e-03 3.03490137e-03 5.05816894e-04 5.56398584e-03
  3.54071826e-03 6.57561963e-03 9.68639353e-01 1.01163379e-03
  3.03490137e-03 2.02326758e-03]
 [1.48588410e-03 2.32788509e-02 5.44824170e-03 5.44824170e-03
  3.46706290e-03 3.46706290e-03 9.90589401e-04 9.53937593e-01
  9.90589401e-04 1.48588410e-03]
 [4.81927711e-03 3.01204819e-03 1.80722892e-03 6.02409639e-03
  4.21686747e-03 3.61445783e-03 1.38554217e-02 0.00000000e+00
  9.54819277e-01 7.83132530e-03]
 [7.52351097e-03 4.38871473e-03 1.63009404e-02 3.76175549e-03
  2.50783699e-03 1.25391850e-03 6.26959248e-04 1.25391850e-03
  3.76175549e-03 9.58620690e-01]]
[2023-07-29 15:31:36,826 INFO] 25000 iteration, USE_EMA: True, {'train/sup_loss': tensor(0.0002, device='cuda:0'), 'train/certain_loss': tensor(0.1172, device='cuda:0'), 'train/shrink_loss': tensor(0.0336, device='cuda:0'), 'train/shrink_loss_reweighted': tensor(0.0317, device='cuda:0'), 'train/removed_class_idx': 2.999998750000521, 'train/uncertainty_avg': 0.7462697793958266, 'train/certain_ratio_ema': 0.9425797027597406, 'train/total_loss': tensor(0.1491, device='cuda:0'), 'train/mask_ratio': tensor(0.9464, device='cuda:0'), 'lr': 0.0299838926837342, 'train/prefecth_time': 0.004350048065185547, 'train/run_time': 0.2438167724609375, 'eval/loss': tensor(0.1765, device='cuda:0'), 'eval/top-1-acc': 0.9619314689612785, 'eval/top-5-acc': 0.9948140749846343, 'eval/precision': 0.9595843487348846, 'eval/recall': 0.9613742871617417, 'eval/F1': 0.9604154557999728, 'eval/AUC': 0.9971758974710955}, BEST_EVAL_ACC: 0.9619314689612785, at 25000 iters
[2023-07-29 15:31:39,748 INFO] model saved: ./exp/shrinkmatch_svhn_250labels_seed1/model_best.pth
[2023-07-29 15:53:55,945 INFO] model saved: ./exp/shrinkmatch_svhn_250labels_seed1/latest_model.pth
[2023-07-29 15:54:06,571 INFO] confusion matrix:
[[9.60435780e-01 4.01376147e-03 2.86697248e-03 1.72018349e-03
  0.00000000e+00 3.44036697e-03 1.37614679e-02 1.72018349e-03
  2.29357798e-03 9.74770642e-03]
 [1.00019612e-02 9.63326142e-01 3.13787017e-03 2.15728574e-03
  9.21749363e-03 2.15728574e-03 2.35340263e-03 5.29515591e-03
  1.17670131e-03 1.17670131e-03]
 [1.20510966e-03 7.71270186e-03 9.63123644e-01 9.15883345e-03
  4.09737286e-03 5.30248253e-03 1.44613160e-03 3.37430706e-03
  7.23065799e-04 3.85635093e-03]
 [2.42886884e-03 7.63358779e-03 5.55170021e-03 9.55586398e-01
  3.46981263e-03 7.63358779e-03 2.42886884e-03 3.46981263e-04
  5.20471895e-03 9.71547536e-03]
 [3.96353547e-03 7.92707095e-03 1.98176774e-03 2.77447483e-03
  9.78993262e-01 7.92707095e-04 7.92707095e-04 1.18906064e-03
  3.96353547e-04 1.18906064e-03]
 [1.25838926e-03 4.61409396e-03 4.19463087e-03 1.55201342e-02
  3.77516779e-03 9.55956376e-01 8.38926174e-03 1.25838926e-03
  1.25838926e-03 3.77516779e-03]
 [6.57561963e-03 3.03490137e-03 1.01163379e-03 6.06980273e-03
  4.55235205e-03 9.10470410e-03 9.61557916e-01 1.51745068e-03
  3.03490137e-03 3.54071826e-03]
 [2.47647350e-03 2.47647350e-02 5.44824170e-03 4.45765230e-03
  2.47647350e-03 3.46706290e-03 9.90589401e-04 9.54928182e-01
  4.95294700e-04 4.95294700e-04]
 [5.42168675e-03 3.01204819e-03 1.80722892e-03 6.62650602e-03
  4.81927711e-03 2.40963855e-03 1.02409639e-02 0.00000000e+00
  9.63253012e-01 2.40963855e-03]
 [8.15047022e-03 5.01567398e-03 1.37931034e-02 4.38871473e-03
  3.13479624e-03 2.50783699e-03 0.00000000e+00 0.00000000e+00
  3.13479624e-03 9.59874608e-01]]
[2023-07-29 15:54:06,579 INFO] 30000 iteration, USE_EMA: True, {'train/sup_loss': tensor(0.0002, device='cuda:0'), 'train/certain_loss': tensor(0.1239, device='cuda:0'), 'train/shrink_loss': tensor(0.0259, device='cuda:0'), 'train/shrink_loss_reweighted': tensor(0.0245, device='cuda:0'), 'train/removed_class_idx': 2.806450707596546, 'train/uncertainty_avg': 0.7385036149325935, 'train/certain_ratio_ema': 0.9441431678385582, 'train/total_loss': tensor(0.1486, device='cuda:0'), 'train/mask_ratio': tensor(0.9308, device='cuda:0'), 'lr': 0.029976806687104632, 'train/prefecth_time': 0.004994495868682862, 'train/run_time': 0.28059576416015625, 'eval/loss': tensor(0.1730, device='cuda:0'), 'eval/top-1-acc': 0.9620851259987707, 'eval/top-5-acc': 0.9948909035033805, 'eval/precision': 0.9596350475877078, 'eval/recall': 0.9617035321113618, 'eval/F1': 0.9606149552312025, 'eval/AUC': 0.9972038275881931}, BEST_EVAL_ACC: 0.9620851259987707, at 30000 iters
[2023-07-29 15:54:07,800 INFO] model saved: ./exp/shrinkmatch_svhn_250labels_seed1/model_best.pth
[2023-07-29 16:16:24,900 INFO] model saved: ./exp/shrinkmatch_svhn_250labels_seed1/latest_model.pth
[2023-07-29 16:16:50,257 INFO] confusion matrix:
[[9.59862385e-01 2.86697248e-03 4.01376147e-03 1.72018349e-03
  5.73394495e-04 3.44036697e-03 1.26146789e-02 2.29357798e-03
  2.86697248e-03 9.74770642e-03]
 [1.01980781e-02 9.64502844e-01 4.11845460e-03 1.96116886e-03
  8.04079231e-03 1.17670131e-03 1.96116886e-03 5.49127280e-03
  1.37281820e-03 1.17670131e-03]
 [9.64087732e-04 6.98963606e-03 9.67221017e-01 7.47167992e-03
  3.85635093e-03 4.33839479e-03 1.44613160e-03 3.37430706e-03
  7.23065799e-04 3.61532899e-03]
 [2.42886884e-03 7.63358779e-03 4.51075642e-03 9.58709230e-01
  2.77585010e-03 9.02151284e-03 2.08188758e-03 3.46981263e-04
  5.55170021e-03 6.93962526e-03]
 [3.17082838e-03 8.32342449e-03 2.77447483e-03 3.56718193e-03
  9.77011494e-01 1.18906064e-03 1.18906064e-03 1.18906064e-03
  3.96353547e-04 1.18906064e-03]
 [1.67785235e-03 3.77516779e-03 4.19463087e-03 1.55201342e-02
  3.35570470e-03 9.58892617e-01 7.13087248e-03 1.25838926e-03
  1.67785235e-03 2.51677852e-03]
 [5.05816894e-03 3.03490137e-03 5.05816894e-04 5.56398584e-03
  2.52908447e-03 6.57561963e-03 9.71168437e-01 1.01163379e-03
  3.03490137e-03 1.51745068e-03]
 [1.98117880e-03 1.93164933e-02 5.94353640e-03 5.94353640e-03
  2.47647350e-03 2.97176820e-03 9.90589401e-04 9.58890540e-01
  9.90589401e-04 4.95294700e-04]
 [6.02409639e-03 1.80722892e-03 2.40963855e-03 4.81927711e-03
  4.21686747e-03 3.01204819e-03 9.03614458e-03 0.00000000e+00
  9.63855422e-01 4.81927711e-03]
 [7.52351097e-03 4.38871473e-03 1.88087774e-02 4.38871473e-03
  1.88087774e-03 1.25391850e-03 6.26959248e-04 6.26959248e-04
  3.13479624e-03 9.57366771e-01]]
[2023-07-29 16:16:50,266 INFO] 35000 iteration, USE_EMA: True, {'train/sup_loss': tensor(0.0001, device='cuda:0'), 'train/certain_loss': tensor(0.1010, device='cuda:0'), 'train/shrink_loss': tensor(0.0196, device='cuda:0'), 'train/shrink_loss_reweighted': tensor(0.0186, device='cuda:0'), 'train/removed_class_idx': 2.6399989440004226, 'train/uncertainty_avg': 0.7599502098596378, 'train/certain_ratio_ema': 0.9469049634648915, 'train/total_loss': tensor(0.1197, device='cuda:0'), 'train/mask_ratio': tensor(0.9442, device='cuda:0'), 'lr': 0.029968433093775056, 'train/prefecth_time': 0.004559455871582031, 'train/run_time': 0.24755984497070313, 'eval/loss': tensor(0.1690, device='cuda:0'), 'eval/top-1-acc': 0.9642747387830363, 'eval/top-5-acc': 0.9949677320221266, 'eval/precision': 0.9619610897274107, 'eval/recall': 0.9637480757276276, 'eval/F1': 0.962822709578486, 'eval/AUC': 0.997282674150186}, BEST_EVAL_ACC: 0.9642747387830363, at 35000 iters
[2023-07-29 16:16:52,058 INFO] model saved: ./exp/shrinkmatch_svhn_250labels_seed1/model_best.pth
[2023-07-29 16:39:04,244 INFO] model saved: ./exp/shrinkmatch_svhn_250labels_seed1/latest_model.pth
[2023-07-29 16:39:14,531 INFO] confusion matrix:
[[9.67889908e-01 3.44036697e-03 2.29357798e-03 1.14678899e-03
  0.00000000e+00 3.44036697e-03 9.17431193e-03 1.14678899e-03
  3.44036697e-03 8.02752294e-03]
 [8.43302608e-03 9.67052363e-01 2.74563640e-03 1.96116886e-03
  8.82525985e-03 1.37281820e-03 1.96116886e-03 5.49127280e-03
  9.80584428e-04 1.17670131e-03]
 [9.64087732e-04 5.54350446e-03 9.66497951e-01 9.15883345e-03
  2.65124126e-03 5.06146059e-03 1.44613160e-03 3.85635093e-03
  9.64087732e-04 3.85635093e-03]
 [1.73490632e-03 8.67453158e-03 5.20471895e-03 9.56280361e-01
  3.81679389e-03 9.02151284e-03 2.77585010e-03 1.04094379e-03
  5.55170021e-03 5.89868147e-03]
 [3.17082838e-03 6.34165676e-03 2.77447483e-03 4.35988902e-03
  9.78993262e-01 7.92707095e-04 7.92707095e-04 1.18906064e-03
  3.96353547e-04 1.18906064e-03]
 [1.67785235e-03 3.35570470e-03 4.19463087e-03 1.21644295e-02
  3.77516779e-03 9.61828859e-01 6.71140940e-03 1.25838926e-03
  2.51677852e-03 2.51677852e-03]
 [5.56398584e-03 3.54071826e-03 5.05816894e-04 4.55235205e-03
  3.03490137e-03 6.06980273e-03 9.70662620e-01 1.51745068e-03
  2.52908447e-03 2.02326758e-03]
 [1.98117880e-03 2.52600297e-02 4.95294700e-03 3.46706290e-03
  2.47647350e-03 3.46706290e-03 4.95294700e-04 9.56414066e-01
  4.95294700e-04 9.90589401e-04]
 [5.42168675e-03 2.40963855e-03 1.80722892e-03 5.42168675e-03
  4.21686747e-03 2.40963855e-03 7.83132530e-03 0.00000000e+00
  9.67469880e-01 3.01204819e-03]
 [8.15047022e-03 5.01567398e-03 1.31661442e-02 4.38871473e-03
  1.88087774e-03 1.25391850e-03 6.26959248e-04 6.26959248e-04
  3.76175549e-03 9.61128527e-01]]
[2023-07-29 16:39:14,539 INFO] 40000 iteration, USE_EMA: True, {'train/sup_loss': tensor(0.0003, device='cuda:0'), 'train/certain_loss': tensor(0.0938, device='cuda:0'), 'train/shrink_loss': tensor(0.0192, device='cuda:0'), 'train/shrink_loss_reweighted': tensor(0.0182, device='cuda:0'), 'train/removed_class_idx': 2.7692297041424214, 'train/uncertainty_avg': 0.7737916035819771, 'train/certain_ratio_ema': 0.9487366721705135, 'train/total_loss': tensor(0.1123, device='cuda:0'), 'train/mask_ratio': tensor(0.9420, device='cuda:0'), 'lr': 0.029958772263417244, 'train/prefecth_time': 0.004535264015197754, 'train/run_time': 0.25919854736328124, 'eval/loss': tensor(0.1654, device='cuda:0'), 'eval/top-1-acc': 0.965619237861094, 'eval/top-5-acc': 0.9949677320221266, 'eval/precision': 0.9634972183184157, 'eval/recall': 0.9654217797354375, 'eval/F1': 0.9644243846987701, 'eval/AUC': 0.9973189100329074}, BEST_EVAL_ACC: 0.965619237861094, at 40000 iters
[2023-07-29 16:39:14,632 INFO] model saved: ./exp/shrinkmatch_svhn_250labels_seed1/model_best.pth
[2023-07-29 17:01:40,491 INFO] model saved: ./exp/shrinkmatch_svhn_250labels_seed1/latest_model.pth
[2023-07-29 17:01:50,749 INFO] confusion matrix:
[[9.65022936e-01 4.01376147e-03 4.01376147e-03 1.72018349e-03
  0.00000000e+00 2.86697248e-03 9.17431193e-03 1.14678899e-03
  1.72018349e-03 1.03211009e-02]
 [9.02137674e-03 9.68817415e-01 3.13787017e-03 1.76505197e-03
  7.84467543e-03 1.17670131e-03 1.96116886e-03 4.70680526e-03
  1.37281820e-03 1.96116886e-04]
 [7.23065799e-04 6.50759219e-03 9.66738973e-01 7.95372379e-03
  4.33839479e-03 5.06146059e-03 1.20510966e-03 3.37430706e-03
  9.64087732e-04 3.13328513e-03]
 [2.42886884e-03 6.59264400e-03 4.85773768e-03 9.59750173e-01
  3.81679389e-03 9.36849410e-03 2.08188758e-03 3.46981263e-04
  5.55170021e-03 5.20471895e-03]
 [1.98176774e-03 5.94530321e-03 1.98176774e-03 3.96353547e-03
  9.81371383e-01 7.92707095e-04 7.92707095e-04 1.18906064e-03
  3.96353547e-04 1.58541419e-03]
 [1.25838926e-03 2.93624161e-03 3.77516779e-03 1.25838926e-02
  4.61409396e-03 9.63087248e-01 5.45302013e-03 1.67785235e-03
  2.09731544e-03 2.51677852e-03]
 [6.57561963e-03 3.03490137e-03 5.05816894e-04 4.04653515e-03
  2.52908447e-03 8.59888720e-03 9.68639353e-01 1.51745068e-03
  3.03490137e-03 1.51745068e-03]
 [1.48588410e-03 2.12976721e-02 4.95294700e-03 5.44824170e-03
  2.97176820e-03 3.96235760e-03 4.95294700e-04 9.57899950e-01
  4.95294700e-04 9.90589401e-04]
 [5.42168675e-03 2.40963855e-03 1.80722892e-03 6.62650602e-03
  3.61445783e-03 1.80722892e-03 9.03614458e-03 0.00000000e+00
  9.65662651e-01 3.61445783e-03]
 [6.89655172e-03 5.01567398e-03 1.63009404e-02 3.76175549e-03
  3.13479624e-03 3.13479624e-03 1.25391850e-03 0.00000000e+00
  4.38871473e-03 9.56112853e-01]]
[2023-07-29 17:01:50,758 INFO] 45000 iteration, USE_EMA: True, {'train/sup_loss': tensor(0.0004, device='cuda:0'), 'train/certain_loss': tensor(0.1027, device='cuda:0'), 'train/shrink_loss': tensor(0.0214, device='cuda:0'), 'train/shrink_loss_reweighted': tensor(0.0203, device='cuda:0'), 'train/removed_class_idx': 2.7999986000007, 'train/uncertainty_avg': 0.7326318206929474, 'train/certain_ratio_ema': 0.9483196874161759, 'train/total_loss': tensor(0.1233, device='cuda:0'), 'train/mask_ratio': tensor(0.9554, device='cuda:0'), 'lr': 0.029947824610993785, 'train/prefecth_time': 0.005827231884002686, 'train/run_time': 0.24491036987304687, 'eval/loss': tensor(0.1616, device='cuda:0'), 'eval/top-1-acc': 0.9660802089735709, 'eval/top-5-acc': 0.9953902888752305, 'eval/precision': 0.9640237614588154, 'eval/recall': 0.9653102935584379, 'eval/F1': 0.9646323650742705, 'eval/AUC': 0.9973223884380106}, BEST_EVAL_ACC: 0.9660802089735709, at 45000 iters
[2023-07-29 17:01:52,141 INFO] model saved: ./exp/shrinkmatch_svhn_250labels_seed1/model_best.pth
[2023-07-29 17:24:03,285 INFO] model saved: ./exp/shrinkmatch_svhn_250labels_seed1/latest_model.pth
[2023-07-29 17:24:27,540 INFO] confusion matrix:
[[9.66169725e-01 4.58715596e-03 2.86697248e-03 2.29357798e-03
  0.00000000e+00 3.44036697e-03 1.31880734e-02 1.14678899e-03
  1.14678899e-03 5.16055046e-03]
 [9.41361051e-03 9.65875662e-01 3.13787017e-03 1.96116886e-03
  8.43302608e-03 1.76505197e-03 1.96116886e-03 5.09903903e-03
  1.17670131e-03 1.17670131e-03]
 [9.64087732e-04 5.54350446e-03 9.70836346e-01 5.78452639e-03
  3.85635093e-03 4.57941673e-03 1.68715353e-03 3.13328513e-03
  7.23065799e-04 2.89226320e-03]
 [2.08188758e-03 7.98056905e-03 4.51075642e-03 9.58362248e-01
  3.12283137e-03 9.02151284e-03 2.42886884e-03 1.04094379e-03
  4.51075642e-03 6.93962526e-03]
 [2.77447483e-03 6.73801031e-03 2.37812128e-03 4.35988902e-03
  9.78993262e-01 7.92707095e-04 7.92707095e-04 1.58541419e-03
  3.96353547e-04 1.18906064e-03]
 [1.25838926e-03 3.35570470e-03 3.77516779e-03 1.34228188e-02
  2.93624161e-03 9.62667785e-01 7.96979866e-03 1.25838926e-03
  1.67785235e-03 1.67785235e-03]
 [6.57561963e-03 3.03490137e-03 5.05816894e-04 4.55235205e-03
  3.54071826e-03 5.56398584e-03 9.71674254e-01 1.01163379e-03
  2.02326758e-03 1.51745068e-03]
 [1.98117880e-03 2.42694403e-02 4.95294700e-03 3.46706290e-03
  2.47647350e-03 2.97176820e-03 4.95294700e-04 9.57899950e-01
  9.90589401e-04 4.95294700e-04]
 [5.42168675e-03 2.40963855e-03 1.20481928e-03 4.81927711e-03
  4.21686747e-03 2.40963855e-03 9.63855422e-03 6.02409639e-04
  9.66265060e-01 3.01204819e-03]
 [8.15047022e-03 5.01567398e-03 1.50470219e-02 4.38871473e-03
  3.13479624e-03 1.88087774e-03 6.26959248e-04 6.26959248e-04
  3.76175549e-03 9.57366771e-01]]
[2023-07-29 17:24:27,548 INFO] 50000 iteration, USE_EMA: True, {'train/sup_loss': tensor(0.0002, device='cuda:0'), 'train/certain_loss': tensor(0.1091, device='cuda:0'), 'train/shrink_loss': tensor(0.0106, device='cuda:0'), 'train/shrink_loss_reweighted': tensor(0.0101, device='cuda:0'), 'train/removed_class_idx': 3.1111093827170095, 'train/uncertainty_avg': 0.7279253316402263, 'train/certain_ratio_ema': 0.9499249266167461, 'train/total_loss': tensor(0.1194, device='cuda:0'), 'train/mask_ratio': tensor(0.9598, device='cuda:0'), 'lr': 0.029935590606740264, 'train/prefecth_time': 0.00494755220413208, 'train/run_time': 0.2536438751220703, 'eval/loss': tensor(0.1612, device='cuda:0'), 'eval/top-1-acc': 0.9661570374923172, 'eval/top-5-acc': 0.9953902888752305, 'eval/precision': 0.9641920268957103, 'eval/recall': 0.9656111064227255, 'eval/F1': 0.9648602650172802, 'eval/AUC': 0.9973151789937177}, BEST_EVAL_ACC: 0.9661570374923172, at 50000 iters
[2023-07-29 17:24:29,219 INFO] model saved: ./exp/shrinkmatch_svhn_250labels_seed1/model_best.pth
[2023-07-29 17:46:40,304 INFO] model saved: ./exp/shrinkmatch_svhn_250labels_seed1/latest_model.pth
[2023-07-29 17:47:04,610 INFO] confusion matrix:
[[9.71330275e-01 3.44036697e-03 2.86697248e-03 2.29357798e-03
  0.00000000e+00 2.29357798e-03 9.17431193e-03 1.14678899e-03
  1.14678899e-03 6.30733945e-03]
 [7.84467543e-03 9.68621298e-01 2.94175328e-03 1.96116886e-03
  8.43302608e-03 1.96116886e-03 2.15728574e-03 3.92233771e-03
  1.37281820e-03 7.84467543e-04]
 [7.23065799e-04 6.98963606e-03 9.69631236e-01 6.74861412e-03
  3.13328513e-03 4.57941673e-03 1.92817546e-03 2.16919740e-03
  1.20510966e-03 2.89226320e-03]
 [2.42886884e-03 6.24566273e-03 5.89868147e-03 9.58709230e-01
  2.42886884e-03 7.98056905e-03 3.46981263e-03 3.46981263e-04
  6.24566273e-03 6.24566273e-03]
 [2.37812128e-03 7.92707095e-03 1.98176774e-03 3.17082838e-03
  9.78993262e-01 7.92707095e-04 1.18906064e-03 1.98176774e-03
  7.92707095e-04 7.92707095e-04]
 [1.25838926e-03 3.77516779e-03 3.77516779e-03 1.38422819e-02
  3.35570470e-03 9.60989933e-01 6.71140940e-03 1.25838926e-03
  1.25838926e-03 3.77516779e-03]
 [5.05816894e-03 3.54071826e-03 5.05816894e-04 4.04653515e-03
  3.03490137e-03 5.56398584e-03 9.72180071e-01 1.01163379e-03
  2.52908447e-03 2.52908447e-03]
 [1.48588410e-03 2.12976721e-02 5.44824170e-03 3.46706290e-03
  2.47647350e-03 2.47647350e-03 4.95294700e-04 9.60376424e-01
  9.90589401e-04 1.48588410e-03]
 [3.01204819e-03 1.80722892e-03 0.00000000e+00 5.42168675e-03
  3.61445783e-03 1.80722892e-03 1.14457831e-02 0.00000000e+00
  9.66867470e-01 6.02409639e-03]
 [8.15047022e-03 5.64263323e-03 1.50470219e-02 3.76175549e-03
  2.50783699e-03 1.88087774e-03 1.25391850e-03 6.26959248e-04
  3.76175549e-03 9.57366771e-01]]
[2023-07-29 17:47:04,618 INFO] 55000 iteration, USE_EMA: True, {'train/sup_loss': tensor(0.0005, device='cuda:0'), 'train/certain_loss': tensor(0.1540, device='cuda:0'), 'train/shrink_loss': tensor(0.0123, device='cuda:0'), 'train/shrink_loss_reweighted': tensor(0.0117, device='cuda:0'), 'train/removed_class_idx': 2.8421037673138065, 'train/uncertainty_avg': 0.7731051846381026, 'train/certain_ratio_ema': 0.9506463185705012, 'train/total_loss': tensor(0.1662, device='cuda:0'), 'train/mask_ratio': tensor(0.9576, device='cuda:0'), 'lr': 0.02992207077614505, 'train/prefecth_time': 0.005809567928314209, 'train/run_time': 0.24179685974121093, 'eval/loss': tensor(0.1611, device='cuda:0'), 'eval/top-1-acc': 0.9670021511985248, 'eval/top-5-acc': 0.9950445605408728, 'eval/precision': 0.9650156260228633, 'eval/recall': 0.9665065970368873, 'eval/F1': 0.9657251293710578, 'eval/AUC': 0.9972854688038022}, BEST_EVAL_ACC: 0.9670021511985248, at 55000 iters
[2023-07-29 17:47:06,795 INFO] model saved: ./exp/shrinkmatch_svhn_250labels_seed1/model_best.pth
[2023-07-29 18:09:15,851 INFO] model saved: ./exp/shrinkmatch_svhn_250labels_seed1/latest_model.pth
[2023-07-29 18:09:26,186 INFO] confusion matrix:
[[9.73050459e-01 3.44036697e-03 2.86697248e-03 1.72018349e-03
  0.00000000e+00 2.86697248e-03 7.45412844e-03 1.14678899e-03
  1.14678899e-03 6.30733945e-03]
 [7.45244166e-03 9.70386350e-01 2.74563640e-03 2.15728574e-03
  6.86409100e-03 1.76505197e-03 1.76505197e-03 3.92233771e-03
  1.76505197e-03 1.17670131e-03]
 [7.23065799e-04 6.50759219e-03 9.71318390e-01 5.06146059e-03
  3.61532899e-03 4.57941673e-03 1.68715353e-03 2.41021933e-03
  1.20510966e-03 2.89226320e-03]
 [2.77585010e-03 7.98056905e-03 5.89868147e-03 9.59750173e-01
  1.73490632e-03 6.93962526e-03 2.77585010e-03 1.04094379e-03
  5.55170021e-03 5.55170021e-03]
 [3.56718193e-03 8.32342449e-03 1.98176774e-03 3.56718193e-03
  9.77011494e-01 7.92707095e-04 7.92707095e-04 1.98176774e-03
  1.18906064e-03 7.92707095e-04]
 [1.25838926e-03 3.35570470e-03 5.45302013e-03 1.21644295e-02
  2.93624161e-03 9.58892617e-01 9.22818792e-03 1.25838926e-03
  2.51677852e-03 2.93624161e-03]
 [5.05816894e-03 3.03490137e-03 5.05816894e-04 5.05816894e-03
  2.52908447e-03 5.56398584e-03 9.71168437e-01 1.51745068e-03
  3.03490137e-03 2.52908447e-03]
 [1.48588410e-03 2.42694403e-02 4.95294700e-03 4.45765230e-03
  1.98117880e-03 2.97176820e-03 1.48588410e-03 9.56414066e-01
  4.95294700e-04 1.48588410e-03]
 [4.21686747e-03 3.01204819e-03 1.20481928e-03 6.02409639e-03
  3.61445783e-03 1.20481928e-03 9.63855422e-03 0.00000000e+00
  9.67469880e-01 3.61445783e-03]
 [6.89655172e-03 6.26959248e-03 1.37931034e-02 4.38871473e-03
  1.88087774e-03 1.88087774e-03 6.26959248e-04 6.26959248e-04
  4.38871473e-03 9.59247649e-01]]
[2023-07-29 18:09:26,195 INFO] 60000 iteration, USE_EMA: True, {'train/sup_loss': tensor(0.0003, device='cuda:0'), 'train/certain_loss': tensor(0.0889, device='cuda:0'), 'train/shrink_loss': tensor(0.0081, device='cuda:0'), 'train/shrink_loss_reweighted': tensor(0.0077, device='cuda:0'), 'train/removed_class_idx': 2.4999982142869897, 'train/uncertainty_avg': 0.7938250508404483, 'train/certain_ratio_ema': 0.95166269579747, 'train/total_loss': tensor(0.0969, device='cuda:0'), 'train/mask_ratio': tensor(0.9688, device='cuda:0'), 'lr': 0.029907265699926754, 'train/prefecth_time': 0.0047890558242797854, 'train/run_time': 0.23971530151367187, 'eval/loss': tensor(0.1588, device='cuda:0'), 'eval/top-1-acc': 0.9672326367547633, 'eval/top-5-acc': 0.9952750460971113, 'eval/precision': 0.9654753313030241, 'eval/recall': 0.966470951596319, 'eval/F1': 0.9659386205988456, 'eval/AUC': 0.9973437202642758}, BEST_EVAL_ACC: 0.9672326367547633, at 60000 iters
[2023-07-29 18:09:27,641 INFO] model saved: ./exp/shrinkmatch_svhn_250labels_seed1/model_best.pth
[2023-07-29 18:31:37,345 INFO] model saved: ./exp/shrinkmatch_svhn_250labels_seed1/latest_model.pth
[2023-07-29 18:32:01,641 INFO] confusion matrix:
[[9.69036697e-01 4.58715596e-03 3.44036697e-03 1.14678899e-03
  0.00000000e+00 4.01376147e-03 9.17431193e-03 1.14678899e-03
  1.72018349e-03 5.73394495e-03]
 [7.84467543e-03 9.69994116e-01 2.74563640e-03 1.76505197e-03
  8.62914297e-03 1.37281820e-03 1.76505197e-03 3.92233771e-03
  9.80584428e-04 9.80584428e-04]
 [7.23065799e-04 5.78452639e-03 9.71800434e-01 5.54350446e-03
  3.37430706e-03 5.06146059e-03 1.68715353e-03 2.16919740e-03
  4.82043866e-04 3.37430706e-03]
 [1.73490632e-03 7.98056905e-03 5.55170021e-03 9.59056211e-01
  3.12283137e-03 9.02151284e-03 2.77585010e-03 6.93962526e-04
  3.46981263e-03 6.59264400e-03]
 [3.56718193e-03 6.73801031e-03 1.98176774e-03 3.17082838e-03
  9.80182323e-01 3.96353547e-04 7.92707095e-04 1.58541419e-03
  7.92707095e-04 7.92707095e-04]
 [1.25838926e-03 3.35570470e-03 3.35570470e-03 1.17449664e-02
  4.61409396e-03 9.64345638e-01 5.87248322e-03 1.25838926e-03
  1.25838926e-03 2.93624161e-03]
 [5.05816894e-03 3.54071826e-03 5.05816894e-04 5.05816894e-03
  4.04653515e-03 7.58725341e-03 9.68639353e-01 1.01163379e-03
  2.52908447e-03 2.02326758e-03]
 [1.48588410e-03 2.82317979e-02 3.96235760e-03 1.98117880e-03
  2.47647350e-03 3.46706290e-03 4.95294700e-04 9.55423477e-01
  9.90589401e-04 1.48588410e-03]
 [4.81927711e-03 2.40963855e-03 1.80722892e-03 4.81927711e-03
  4.81927711e-03 2.40963855e-03 1.02409639e-02 0.00000000e+00
  9.63855422e-01 4.81927711e-03]
 [7.52351097e-03 4.38871473e-03 1.50470219e-02 4.38871473e-03
  1.88087774e-03 1.25391850e-03 6.26959248e-04 6.26959248e-04
  3.76175549e-03 9.60501567e-01]]
[2023-07-29 18:32:01,649 INFO] 65000 iteration, USE_EMA: True, {'train/sup_loss': tensor(0.0004, device='cuda:0'), 'train/certain_loss': tensor(0.0747, device='cuda:0'), 'train/shrink_loss': tensor(0.0088, device='cuda:0'), 'train/shrink_loss_reweighted': tensor(0.0084, device='cuda:0'), 'train/removed_class_idx': 2.1249986718758302, 'train/uncertainty_avg': 0.8064552646102694, 'train/certain_ratio_ema': 0.9523198348972207, 'train/total_loss': tensor(0.0834, device='cuda:0'), 'train/mask_ratio': tensor(0.9643, device='cuda:0'), 'lr': 0.029891176014009247, 'train/prefecth_time': 0.005291007995605469, 'train/run_time': 0.23996070861816407, 'eval/loss': tensor(0.1581, device='cuda:0'), 'eval/top-1-acc': 0.9672710510141365, 'eval/top-5-acc': 0.9950061462814997, 'eval/precision': 0.9657364468092255, 'eval/recall': 0.9662835237368942, 'eval/F1': 0.9659660264764623, 'eval/AUC': 0.997410752892619}, BEST_EVAL_ACC: 0.9672710510141365, at 65000 iters
[2023-07-29 18:32:03,434 INFO] model saved: ./exp/shrinkmatch_svhn_250labels_seed1/model_best.pth
[2023-07-29 18:54:10,262 INFO] model saved: ./exp/shrinkmatch_svhn_250labels_seed1/latest_model.pth
[2023-07-29 18:54:34,592 INFO] confusion matrix:
[[9.69036697e-01 5.16055046e-03 3.44036697e-03 2.86697248e-03
  0.00000000e+00 2.86697248e-03 1.03211009e-02 1.14678899e-03
  5.73394495e-04 4.58715596e-03]
 [8.04079231e-03 9.69405766e-01 3.13787017e-03 1.96116886e-03
  7.64855854e-03 1.37281820e-03 2.15728574e-03 4.11845460e-03
  1.37281820e-03 7.84467543e-04]
 [7.23065799e-04 5.54350446e-03 9.72764522e-01 4.57941673e-03
  3.37430706e-03 4.82043866e-03 1.68715353e-03 2.41021933e-03
  9.64087732e-04 3.13328513e-03]
 [1.73490632e-03 7.98056905e-03 4.16377516e-03 9.61485080e-01
  2.42886884e-03 7.98056905e-03 3.46981263e-03 3.46981263e-04
  6.24566273e-03 4.16377516e-03]
 [3.96353547e-03 6.73801031e-03 1.98176774e-03 2.77447483e-03
