[2023-07-29 13:26:23,612 WARNING] USE GPU: 0 for training
[2023-07-29 13:26:23,675 INFO] Number of Trainable Params: 1475284
[2023-07-29 13:26:27,208 INFO] model_arch: <models.shrinkmatch.shrinkmatch.ShrinkMatch object at 0x7fc8c38a0040>
[2023-07-29 13:26:27,209 INFO] Arguments: Namespace(T=0.5, alg='shrinkmatch', amp=False, batch_size=64, bn_momentum=0.0010000000000000009, c='config/shrinkmatch_svhn_40labels_seed1.yaml', clip=0, data_dir='./data', dataset='svhn', depth=28, dist_backend='nccl', dist_url='tcp://127.0.0.1:25783', distributed=True, dropout=0.0, ema_m=0.999, epoch=1, eval_batch_size=1024, gpu=0, hard_label=True, leaky_slope=0.1, load_path='None', lr=0.03, momentum=0.9, multiprocessing_distributed=True, net='WideResNet', net_from_name=False, num_classes=10, num_eval_iter=5000, num_labels=40, num_train_iter=1048576, num_workers=1, optim='SGD', overwrite=False, p_cutoff=0.95, rank=0, resume=False, save_dir='./exp', save_name='shrinkmatch_svhn_40labels_seed1', seed=1, train_sampler='RandomSampler', ulb_loss_ratio=1.0, uratio=7, use_da=False, use_tensorboard=True, weight_decay=0.0005, widen_factor=2, world_size=1)
[2023-07-29 13:27:17,947 INFO] [!] data loader keys: dict_keys(['train_lb', 'train_ulb', 'eval'])
[2023-07-29 13:27:32,481 INFO] confusion matrix:
[[1. 0. 0. 0. 0. 0. 0. 0. 0. 0.]
 [1. 0. 0. 0. 0. 0. 0. 0. 0. 0.]
 [1. 0. 0. 0. 0. 0. 0. 0. 0. 0.]
 [1. 0. 0. 0. 0. 0. 0. 0. 0. 0.]
 [1. 0. 0. 0. 0. 0. 0. 0. 0. 0.]
 [1. 0. 0. 0. 0. 0. 0. 0. 0. 0.]
 [1. 0. 0. 0. 0. 0. 0. 0. 0. 0.]
 [1. 0. 0. 0. 0. 0. 0. 0. 0. 0.]
 [1. 0. 0. 0. 0. 0. 0. 0. 0. 0.]
 [1. 0. 0. 0. 0. 0. 0. 0. 0. 0.]]
[2023-07-29 13:31:29,941 INFO] model saved: ./exp/shrinkmatch_svhn_40labels_seed1/latest_model.pth
[2023-07-29 13:31:47,584 INFO] confusion matrix:
[[1. 0. 0. 0. 0. 0. 0. 0. 0. 0.]
 [1. 0. 0. 0. 0. 0. 0. 0. 0. 0.]
 [1. 0. 0. 0. 0. 0. 0. 0. 0. 0.]
 [1. 0. 0. 0. 0. 0. 0. 0. 0. 0.]
 [1. 0. 0. 0. 0. 0. 0. 0. 0. 0.]
 [1. 0. 0. 0. 0. 0. 0. 0. 0. 0.]
 [1. 0. 0. 0. 0. 0. 0. 0. 0. 0.]
 [1. 0. 0. 0. 0. 0. 0. 0. 0. 0.]
 [1. 0. 0. 0. 0. 0. 0. 0. 0. 0.]
 [1. 0. 0. 0. 0. 0. 0. 0. 0. 0.]]
[2023-07-29 13:31:47,592 INFO] 0 iteration, USE_EMA: True, {'train/sup_loss': tensor(2.5109, device='cuda:0'), 'train/certain_loss': tensor(0., device='cuda:0'), 'train/shrink_loss': tensor(0.0215, device='cuda:0'), 'train/shrink_loss_reweighted': tensor(0., device='cuda:0'), 'train/removed_class_idx': 8.991071227877875, 'train/uncertainty_avg': 0.21022605114083223, 'train/certain_ratio_ema': 0.0, 'train/total_loss': tensor(2.5109, device='cuda:0'), 'train/mask_ratio': tensor(0., device='cuda:0'), 'lr': 0.029999999999974228, 'train/prefecth_time': 233.4106875, 'train/run_time': 8.873728515625, 'eval/loss': tensor(27.8512, device='cuda:0'), 'eval/top-1-acc': 0.06699446834665028, 'eval/top-5-acc': 0.5449062692071297, 'eval/precision': 0.006699446834665028, 'eval/recall': 0.1, 'eval/F1': 0.012557603686635943, 'eval/AUC': 0.4921081416997631}, BEST_EVAL_ACC: 0.06699446834665028, at 0 iters
[2023-07-29 13:31:47,679 INFO] model saved: ./exp/shrinkmatch_svhn_40labels_seed1/model_best.pth
[2023-07-29 14:10:06,428 INFO] model saved: ./exp/shrinkmatch_svhn_40labels_seed1/latest_model.pth
[2023-07-29 14:10:16,865 INFO] confusion matrix:
[[0.09518349 0.03899083 0.27580275 0.10951835 0.02178899 0.01605505
  0.05389908 0.14277523 0.11869266 0.12729358]
 [0.10119631 0.06216905 0.27515199 0.0766817  0.06334575 0.00529516
  0.03961561 0.18317317 0.1021769  0.09119435]
 [0.08821403 0.02988672 0.29766209 0.09592673 0.07399373 0.02771752
  0.03904555 0.14027477 0.11665462 0.09062425]
 [0.09541985 0.03643303 0.26786954 0.10791117 0.0777238  0.0166551
  0.03435115 0.16204025 0.10687023 0.09472588]
 [0.09591756 0.04637337 0.27467301 0.07966706 0.09829568 0.00673801
  0.04399524 0.1680539  0.10701546 0.07927071]
 [0.1057047  0.02684564 0.30327181 0.09270134 0.05159396 0.03271812
  0.02432886 0.12961409 0.13338926 0.09983221]
 [0.09155286 0.03085483 0.28882145 0.10369246 0.0419828  0.02377339
  0.05665149 0.13909965 0.13404148 0.08952959]
 [0.09955423 0.03615651 0.26498266 0.08271421 0.07082714 0.01684002
  0.04457652 0.18771669 0.10846954 0.08816246]
 [0.09337349 0.03674699 0.29759036 0.08253012 0.04216867 0.02710843
  0.05361446 0.12771084 0.12349398 0.11566265]
 [0.0984326  0.03573668 0.28526646 0.10219436 0.04890282 0.0169279
  0.04702194 0.14420063 0.11661442 0.10470219]]
[2023-07-29 14:10:16,873 INFO] 5000 iteration, USE_EMA: True, {'train/sup_loss': tensor(0.0022, device='cuda:0'), 'train/certain_loss': tensor(0.3413, device='cuda:0'), 'train/shrink_loss': tensor(0.3389, device='cuda:0'), 'train/shrink_loss_reweighted': tensor(0.1213, device='cuda:0'), 'train/removed_class_idx': 4.235915343805798, 'train/uncertainty_avg': 0.6588369357051783, 'train/certain_ratio_ema': 0.35784366810441315, 'train/total_loss': tensor(0.4648, device='cuda:0'), 'train/mask_ratio': tensor(0.3661, device='cuda:0'), 'lr': 0.029999355445794247, 'train/prefecth_time': 0.006182271957397461, 'train/run_time': 0.4038395385742187, 'eval/loss': tensor(4.9907, device='cuda:0'), 'eval/top-1-acc': 0.12361708666256914, 'eval/top-5-acc': 0.5342655193607867, 'eval/precision': 0.13176450217825755, 'eval/recall': 0.1166503953444507, 'eval/F1': 0.10555877081103629, 'eval/AUC': 0.5205736282226979}, BEST_EVAL_ACC: 0.12361708666256914, at 5000 iters
[2023-07-29 14:10:18,056 INFO] model saved: ./exp/shrinkmatch_svhn_40labels_seed1/model_best.pth
[2023-07-29 14:46:40,668 INFO] model saved: ./exp/shrinkmatch_svhn_40labels_seed1/latest_model.pth
[2023-07-29 14:47:01,822 INFO] confusion matrix:
[[6.93807339e-02 3.61238532e-02 3.45183486e-01 1.11238532e-01
  2.40825688e-02 2.86697248e-03 4.01376147e-02 1.47935780e-01
  6.99541284e-02 1.53096330e-01]
 [7.76622867e-02 8.29574426e-02 2.51029614e-01 8.76642479e-02
  1.07864287e-01 1.96116886e-04 2.41223769e-02 2.61619925e-01
  6.00117670e-02 4.68719357e-02]
 [6.00144613e-02 1.73535792e-02 4.86382261e-01 7.78500844e-02
  3.78404435e-02 6.26657026e-03 2.16919740e-02 6.82092070e-02
  8.00192818e-02 1.44372138e-01]
 [5.93337960e-02 1.87369882e-02 4.35461485e-01 8.39694656e-02
  4.09437890e-02 1.31852880e-02 2.67175573e-02 9.81956974e-02
  8.39694656e-02 1.39486468e-01]
 [5.86603250e-02 4.63733650e-02 4.60562822e-01 8.20451843e-02
  1.09393579e-01 1.18906064e-03 2.89338090e-02 1.02259215e-01
  6.30202140e-02 4.75624257e-02]
 [6.50167785e-02 7.96979866e-03 4.55956376e-01 6.04026846e-02
  1.09060403e-02 4.36241611e-02 2.01342282e-02 5.57885906e-02
  9.73154362e-02 1.82885906e-01]
 [7.18259990e-02 1.31512393e-02 4.38037430e-01 8.54830551e-02
  1.16337886e-02 1.66919575e-02 3.13606474e-02 7.53667172e-02
  1.01163379e-01 1.55285787e-01]
 [7.42942051e-02 5.25012382e-02 3.18474492e-01 7.62753839e-02
  9.36106984e-02 2.47647350e-03 1.98117880e-02 2.52600297e-01
  6.09212481e-02 4.90341753e-02]
 [6.80722892e-02 1.56626506e-02 4.43373494e-01 7.04819277e-02
  1.02409639e-02 1.80722892e-02 3.61445783e-02 5.36144578e-02
  9.27710843e-02 1.91566265e-01]
 [7.77429467e-02 1.37931034e-02 4.40125392e-01 7.39811912e-02
  1.25391850e-02 1.94357367e-02 3.38557994e-02 6.08150470e-02
  8.90282132e-02 1.78683386e-01]]
[2023-07-29 14:47:01,831 INFO] 10000 iteration, USE_EMA: True, {'train/sup_loss': tensor(0.0017, device='cuda:0'), 'train/certain_loss': tensor(0.2988, device='cuda:0'), 'train/shrink_loss': tensor(0.3478, device='cuda:0'), 'train/shrink_loss_reweighted': tensor(0.1461, device='cuda:0'), 'train/removed_class_idx': 3.823308126943304, 'train/uncertainty_avg': 0.6875080873319268, 'train/certain_ratio_ema': 0.42012399058007344, 'train/total_loss': tensor(0.4467, device='cuda:0'), 'train/mask_ratio': tensor(0.4063, device='cuda:0'), 'lr': 0.02999742232637523, 'train/prefecth_time': 0.005033184051513672, 'train/run_time': 0.37694674682617185, 'eval/loss': tensor(5.6986, device='cuda:0'), 'eval/top-1-acc': 0.16114781807006762, 'eval/top-5-acc': 0.590119852489244, 'eval/precision': 0.18135809581444745, 'eval/recall': 0.14311230577014414, 'eval/F1': 0.12435395910014091, 'eval/AUC': 0.5636644767552834}, BEST_EVAL_ACC: 0.16114781807006762, at 10000 iters
[2023-07-29 14:47:03,296 INFO] model saved: ./exp/shrinkmatch_svhn_40labels_seed1/model_best.pth
[2023-07-29 15:20:09,502 INFO] model saved: ./exp/shrinkmatch_svhn_40labels_seed1/latest_model.pth
[2023-07-29 15:20:31,181 INFO] confusion matrix:
[[1.02637615e-01 8.60091743e-03 4.99426606e-01 1.60550459e-02
  4.01376147e-03 3.66972477e-02 3.84174312e-02 2.12155963e-02
  2.52293578e-02 2.47706422e-01]
 [6.76603256e-02 9.92351441e-02 4.93822318e-01 1.54932340e-02
  2.33379094e-02 5.88350657e-04 1.29437145e-02 1.70229457e-01
  1.52971171e-02 1.01392430e-01]
 [5.47119788e-02 3.85635093e-03 6.02313811e-01 1.06049651e-02
  3.13328513e-03 1.49433598e-02 1.54254037e-02 2.24150398e-02
  3.27789829e-02 2.39816823e-01]
 [5.48230396e-02 1.04094379e-03 5.85010409e-01 1.07564192e-02
  2.08188758e-03 1.94309507e-02 2.08188758e-02 1.87369882e-02
  3.81679389e-02 2.49132547e-01]
 [4.63733650e-02 5.54894966e-03 6.17915180e-01 1.74395561e-02
  2.14427269e-01 7.92707095e-04 2.41775664e-02 2.41775664e-02
  1.78359096e-02 3.13119302e-02]
 [5.70469799e-02 0.00000000e+00 5.89345638e-01 5.45302013e-03
  8.38926174e-04 5.15939597e-02 1.30033557e-02 1.46812081e-02
  2.55872483e-02 2.42449664e-01]
 [8.75063227e-02 0.00000000e+00 5.51340415e-01 1.21396055e-02
  3.54071826e-03 3.59129995e-02 3.79362671e-02 1.16337886e-02
  4.70409712e-02 2.12948912e-01]
 [6.58741951e-02 5.10153541e-02 5.00247647e-01 1.18870728e-02
  2.47647350e-03 1.48588410e-03 1.23823675e-02 2.02575532e-01
  2.03070827e-02 1.31748390e-01]
 [7.65060241e-02 0.00000000e+00 5.46385542e-01 1.38554217e-02
  3.61445783e-03 3.49397590e-02 3.31325301e-02 2.40963855e-03
  6.32530120e-02 2.25903614e-01]
 [6.89655172e-02 1.25391850e-03 5.56739812e-01 1.25391850e-02
  1.88087774e-03 3.63636364e-02 3.69905956e-02 5.64263323e-03
  4.45141066e-02 2.35109718e-01]]
[2023-07-29 15:20:31,189 INFO] 15000 iteration, USE_EMA: True, {'train/sup_loss': tensor(0.0011, device='cuda:0'), 'train/certain_loss': tensor(0.3112, device='cuda:0'), 'train/shrink_loss': tensor(0.1650, device='cuda:0'), 'train/shrink_loss_reweighted': tensor(0.0874, device='cuda:0'), 'train/removed_class_idx': 3.005524695827365, 'train/uncertainty_avg': 0.7229403811300429, 'train/certain_ratio_ema': 0.5294033335587265, 'train/total_loss': tensor(0.3998, device='cuda:0'), 'train/mask_ratio': tensor(0.5960, device='cuda:0'), 'lr': 0.029994200724750647, 'train/prefecth_time': 0.0044785280227661135, 'train/run_time': 0.3370542602539062, 'eval/loss': tensor(6.4789, device='cuda:0'), 'eval/top-1-acc': 0.186040258143823, 'eval/top-5-acc': 0.6518899815611555, 'eval/precision': 0.27516857338935563, 'eval/recall': 0.1619838746820193, 'eval/F1': 0.14774404857561008, 'eval/AUC': 0.5939919398440076}, BEST_EVAL_ACC: 0.186040258143823, at 15000 iters
[2023-07-29 15:20:33,530 INFO] model saved: ./exp/shrinkmatch_svhn_40labels_seed1/model_best.pth
[2023-07-29 15:49:24,511 INFO] model saved: ./exp/shrinkmatch_svhn_40labels_seed1/latest_model.pth
[2023-07-29 15:49:45,212 INFO] confusion matrix:
[[3.38302752e-01 1.14678899e-03 3.77293578e-01 3.44036697e-03
  5.73394495e-04 3.84174312e-02 3.66972477e-02 5.73394495e-03
  1.72018349e-03 1.96674312e-01]
 [1.95332418e-01 1.14336144e-01 3.80466758e-01 2.74563640e-03
  1.64738184e-02 7.84467543e-04 6.07962346e-03 2.14159639e-01
  0.00000000e+00 6.96214944e-02]
 [2.22463244e-01 2.41021933e-04 5.13617739e-01 1.68715353e-03
  7.23065799e-04 9.64087732e-03 1.78356230e-02 3.27789829e-02
  4.82043866e-04 2.00530248e-01]
 [1.99861207e-01 0.00000000e+00 5.10062457e-01 6.93962526e-04
  1.38792505e-03 1.80430257e-02 3.71269951e-02 1.73490632e-02
  8.32755031e-03 2.07147814e-01]
 [1.81529925e-01 1.98176774e-03 5.18826793e-01 2.77447483e-03
  2.10067380e-01 0.00000000e+00 1.26833135e-02 5.74712644e-02
  0.00000000e+00 1.46650813e-02]
 [1.91694631e-01 0.00000000e+00 4.65184564e-01 8.38926174e-04
  0.00000000e+00 7.76006711e-02 3.27181208e-02 1.55201342e-02
  4.19463087e-04 2.16023490e-01]
 [3.02984320e-01 5.05816894e-04 4.22862924e-01 1.01163379e-03
  2.02326758e-03 3.03490137e-02 6.17096611e-02 4.04653515e-03
  7.58725341e-03 1.66919575e-01]
 [1.81277860e-01 7.97424468e-02 3.57602774e-01 9.90589401e-04
  1.98117880e-03 1.48588410e-03 7.92471521e-03 2.76869737e-01
  9.90589401e-04 9.11342249e-02]
 [2.39759036e-01 0.00000000e+00 4.36746988e-01 0.00000000e+00
  2.40963855e-03 2.10843373e-02 5.72289157e-02 1.80722892e-03
  5.06024096e-02 1.90361446e-01]
 [2.85893417e-01 6.26959248e-04 4.31974922e-01 0.00000000e+00
  6.26959248e-04 2.57053292e-02 4.70219436e-02 3.76175549e-03
  1.00313480e-02 1.94357367e-01]]
[2023-07-29 15:49:45,220 INFO] 20000 iteration, USE_EMA: True, {'train/sup_loss': tensor(0.0003, device='cuda:0'), 'train/certain_loss': tensor(0.1293, device='cuda:0'), 'train/shrink_loss': tensor(0.0563, device='cuda:0'), 'train/shrink_loss_reweighted': tensor(0.0373, device='cuda:0'), 'train/removed_class_idx': 2.3565889646055065, 'train/uncertainty_avg': 0.7670552570272243, 'train/certain_ratio_ema': 0.662037496396647, 'train/total_loss': tensor(0.1669, device='cuda:0'), 'train/mask_ratio': tensor(0.7121, device='cuda:0'), 'lr': 0.02998969077929826, 'train/prefecth_time': 0.004710464000701904, 'train/run_time': 0.29240533447265626, 'eval/loss': tensor(6.8118, device='cuda:0'), 'eval/top-1-acc': 0.19575906576521204, 'eval/top-5-acc': 0.713660110633067, 'eval/precision': 0.3422234513038541, 'eval/recall': 0.1838157824626093, 'eval/F1': 0.16658167468420393, 'eval/AUC': 0.6320680441059884}, BEST_EVAL_ACC: 0.19575906576521204, at 20000 iters
[2023-07-29 15:49:46,830 INFO] model saved: ./exp/shrinkmatch_svhn_40labels_seed1/model_best.pth
[2023-07-29 16:16:55,181 INFO] model saved: ./exp/shrinkmatch_svhn_40labels_seed1/latest_model.pth
[2023-07-29 16:17:05,390 INFO] confusion matrix:
[[4.44954128e-01 1.14678899e-03 3.06766055e-01 9.74770642e-03
  2.29357798e-03 1.72018349e-03 3.55504587e-02 2.29357798e-03
  5.73394495e-04 1.94954128e-01]
 [1.25514807e-02 2.13767405e-01 2.90841341e-01 6.47185723e-03
  1.45126495e-02 7.84467543e-04 1.57089625e-01 2.73386939e-01
  1.96116886e-04 3.03981173e-02]
 [1.68715353e-03 1.92817546e-03 5.02048686e-01 5.54350446e-03
  9.64087732e-04 5.30248253e-03 2.19329959e-01 5.90503736e-02
  2.16919740e-03 2.01976380e-01]
 [2.08188758e-03 1.73490632e-03 4.89590562e-01 9.71547536e-03
  2.08188758e-03 2.77585010e-02 2.13046495e-01 2.32477446e-02
  2.56766135e-02 2.05065926e-01]
 [1.58541419e-03 2.77447483e-03 4.33610781e-01 4.35988902e-03
  2.43757432e-01 0.00000000e+00 1.59730480e-01 1.39912802e-01
  0.00000000e+00 1.42687277e-02]
 [8.38926174e-04 0.00000000e+00 4.62667785e-01 1.30033557e-02
  4.19463087e-04 1.04446309e-01 1.96728188e-01 1.25838926e-02
  4.19463087e-04 2.08892617e-01]
 [7.08143652e-03 1.01163379e-03 4.31967628e-01 1.31512393e-02
  5.05816894e-04 3.89479009e-02 3.07536672e-01 5.05816894e-03
  1.31512393e-02 1.81588265e-01]
 [3.46706290e-03 1.71371966e-01 2.52600297e-01 2.47647350e-03
  1.48588410e-03 1.48588410e-03 1.50569589e-01 3.66518078e-01
  9.90589401e-04 4.90341753e-02]
 [6.02409639e-04 0.00000000e+00 3.99397590e-01 9.03614458e-03
  3.61445783e-03 1.08433735e-02 2.34337349e-01 3.01204819e-03
  1.54819277e-01 1.84337349e-01]
 [3.57366771e-02 6.26959248e-04 4.53918495e-01 5.64263323e-03
  0.00000000e+00 9.40438871e-03 2.68965517e-01 1.25391850e-02
  1.31661442e-02 2.00000000e-01]]
[2023-07-29 16:17:05,399 INFO] 25000 iteration, USE_EMA: True, {'train/sup_loss': tensor(0.0004, device='cuda:0'), 'train/certain_loss': tensor(0.1644, device='cuda:0'), 'train/shrink_loss': tensor(0.0798, device='cuda:0'), 'train/shrink_loss_reweighted': tensor(0.0540, device='cuda:0'), 'train/removed_class_idx': 2.570370179972579, 'train/uncertainty_avg': 0.7435459988001019, 'train/certain_ratio_ema': 0.6769165739529238, 'train/total_loss': tensor(0.2188, device='cuda:0'), 'train/mask_ratio': tensor(0.6987, device='cuda:0'), 'lr': 0.0299838926837342, 'train/prefecth_time': 0.004738239765167236, 'train/run_time': 0.2950751342773438, 'eval/loss': tensor(5.7941, device='cuda:0'), 'eval/top-1-acc': 0.25987246465888136, 'eval/top-5-acc': 0.7844575906576521, 'eval/precision': 0.4429504555761591, 'eval/recall': 0.25475634630524424, 'eval/F1': 0.26208654422662053, 'eval/AUC': 0.6946984619429721}, BEST_EVAL_ACC: 0.25987246465888136, at 25000 iters
[2023-07-29 16:17:05,758 INFO] model saved: ./exp/shrinkmatch_svhn_40labels_seed1/model_best.pth
[2023-07-29 16:44:01,852 INFO] model saved: ./exp/shrinkmatch_svhn_40labels_seed1/latest_model.pth
[2023-07-29 16:44:22,844 INFO] confusion matrix:
[[0.45584862 0.00114679 0.26433486 0.00516055 0.         0.00286697
  0.03497706 0.00516055 0.00057339 0.22993119]
 [0.00980584 0.32104334 0.13257501 0.00588351 0.01098255 0.00078447
  0.1486566  0.34398902 0.         0.02627966]
 [0.00168715 0.00265124 0.42516269 0.00409737 0.00096409 0.00433839
  0.2241504  0.11111111 0.         0.22583755]
 [0.00173491 0.00173491 0.45454545 0.01040944 0.00138793 0.0482304
  0.22727273 0.02185982 0.00728661 0.22553782]
 [0.00158541 0.00475624 0.15537059 0.00198177 0.27942925 0.
  0.17439556 0.37415775 0.         0.00832342]
 [0.00083893 0.         0.43917785 0.00629195 0.         0.10696309
  0.21224832 0.00671141 0.         0.22776846]
 [0.00252908 0.00252908 0.4132524  0.00859889 0.00252908 0.06272129
  0.30955994 0.0030349  0.00455235 0.19069297]
 [0.00099059 0.2238732  0.14066369 0.00643883 0.00148588 0.00148588
  0.15998019 0.41406637 0.         0.05101535]
 [0.00060241 0.00120482 0.4        0.00301205 0.00240964 0.02831325
  0.27349398 0.00361446 0.08373494 0.20361446]
 [0.01442006 0.00250784 0.42821317 0.00376176 0.         0.01943574
  0.29404389 0.02257053 0.00501567 0.21003135]]
[2023-07-29 16:44:22,853 INFO] 30000 iteration, USE_EMA: True, {'train/sup_loss': tensor(0.0003, device='cuda:0'), 'train/certain_loss': tensor(0.2363, device='cuda:0'), 'train/shrink_loss': tensor(0.0887, device='cuda:0'), 'train/shrink_loss_reweighted': tensor(0.0619, device='cuda:0'), 'train/removed_class_idx': 2.370078553537122, 'train/uncertainty_avg': 0.7723834532994734, 'train/certain_ratio_ema': 0.6974192925897984, 'train/total_loss': tensor(0.2985, device='cuda:0'), 'train/mask_ratio': tensor(0.7165, device='cuda:0'), 'lr': 0.029976806687104632, 'train/prefecth_time': 0.004691455841064453, 'train/run_time': 0.2954744873046875, 'eval/loss': tensor(5.8416, device='cuda:0'), 'eval/top-1-acc': 0.27304855562384756, 'eval/top-5-acc': 0.822679778733866, 'eval/precision': 0.4577801657136259, 'eval/recall': 0.2616249028033424, 'eval/F1': 0.2676471059177034, 'eval/AUC': 0.7080746867156468}, BEST_EVAL_ACC: 0.27304855562384756, at 30000 iters
[2023-07-29 16:44:24,915 INFO] model saved: ./exp/shrinkmatch_svhn_40labels_seed1/model_best.pth
[2023-07-29 17:10:55,908 INFO] model saved: ./exp/shrinkmatch_svhn_40labels_seed1/latest_model.pth
[2023-07-29 17:11:18,868 INFO] confusion matrix:
[[4.73623853e-01 1.14678899e-03 2.82683486e-01 6.30733945e-03
  1.14678899e-03 0.00000000e+00 3.32568807e-02 7.45412844e-03
  5.73394495e-04 1.93807339e-01]
 [1.07864287e-02 2.98293783e-01 1.79643067e-01 2.74563640e-03
  9.80584428e-03 9.80584428e-04 1.85722691e-01 2.97117082e-01
  0.00000000e+00 1.49048833e-02]
 [1.44613160e-03 2.41021933e-03 4.48300795e-01 3.37430706e-03
  7.23065799e-04 1.44613160e-03 2.48493613e-01 1.07736804e-01
  4.82043866e-04 1.85586888e-01]
 [2.08188758e-03 1.73490632e-03 4.53504511e-01 1.11034004e-02
  2.42886884e-03 1.97779320e-02 2.59195003e-01 4.23317141e-02
  1.14503817e-02 1.96391395e-01]
 [7.92707095e-04 2.77447483e-03 1.35949267e-01 2.77447483e-03
  2.72294887e-01 0.00000000e+00 1.96987713e-01 3.81688466e-01
  0.00000000e+00 6.73801031e-03]
 [8.38926174e-04 4.19463087e-04 4.24916107e-01 9.22818792e-03
  4.19463087e-04 8.93456376e-02 2.43288591e-01 2.68456376e-02
  4.19463087e-04 2.04278523e-01]
 [2.52908447e-03 2.52908447e-03 4.07182600e-01 9.10470410e-03
  2.02326758e-03 3.38897319e-02 3.40920587e-01 2.78199292e-02
  6.06980273e-03 1.67931209e-01]
 [1.48588410e-03 1.98613175e-01 1.91183754e-01 1.48588410e-03
  1.48588410e-03 1.48588410e-03 1.95641407e-01 3.70480436e-01
  4.95294700e-04 3.76423972e-02]
 [1.20481928e-03 1.20481928e-03 4.04216867e-01 6.02409639e-03
  3.01204819e-03 9.63855422e-03 2.75301205e-01 5.42168675e-03
  1.18674699e-01 1.75301205e-01]
 [9.40438871e-03 1.25391850e-03 4.25705329e-01 4.38871473e-03
  0.00000000e+00 3.76175549e-03 3.17868339e-01 5.07836991e-02
  6.89655172e-03 1.79937304e-01]]
[2023-07-29 17:11:18,881 INFO] 35000 iteration, USE_EMA: True, {'train/sup_loss': tensor(0.0014, device='cuda:0'), 'train/certain_loss': tensor(0.1391, device='cuda:0'), 'train/shrink_loss': tensor(0.0939, device='cuda:0'), 'train/shrink_loss_reweighted': tensor(0.0668, device='cuda:0'), 'train/removed_class_idx': 2.3714284020408285, 'train/uncertainty_avg': 0.7818498382940309, 'train/certain_ratio_ema': 0.7116465002129616, 'train/total_loss': tensor(0.2073, device='cuda:0'), 'train/mask_ratio': tensor(0.6875, device='cuda:0'), 'lr': 0.029968433093775056, 'train/prefecth_time': 0.005058623790740967, 'train/run_time': 0.293493896484375, 'eval/loss': tensor(5.9841, device='cuda:0'), 'eval/top-1-acc': 0.27062845728334356, 'eval/top-5-acc': 0.8215657652120467, 'eval/precision': 0.4750238891988494, 'eval/recall': 0.2602975382194971, 'eval/F1': 0.26828042501025007, 'eval/AUC': 0.7086024137164212}, BEST_EVAL_ACC: 0.27304855562384756, at 30000 iters
[2023-07-29 17:37:25,249 INFO] model saved: ./exp/shrinkmatch_svhn_40labels_seed1/latest_model.pth
[2023-07-29 17:37:47,991 INFO] confusion matrix:
[[5.38990826e-01 1.14678899e-03 2.14449541e-01 6.88073394e-03
  5.73394495e-04 0.00000000e+00 4.18577982e-02 1.60550459e-02
  1.14678899e-03 1.78899083e-01]
 [9.60972740e-03 2.71621887e-01 2.57893705e-01 7.84467543e-03
  7.45244166e-03 3.92233771e-04 2.09256717e-01 2.27495587e-01
  1.96116886e-04 8.23690920e-03]
 [1.44613160e-03 2.41021933e-03 4.37695830e-01 5.54350446e-03
  9.64087732e-04 9.64087732e-04 2.67775368e-01 1.16654616e-01
  9.64087732e-04 1.65582068e-01]
 [2.08188758e-03 1.73490632e-03 4.07009022e-01 9.02151284e-03
  2.08188758e-03 5.89868147e-03 2.83136711e-01 1.12421929e-01
  6.59264400e-03 1.70020819e-01]
 [7.92707095e-04 1.98176774e-03 2.61989695e-01 1.58541419e-03
  2.40586603e-01 0.00000000e+00 2.21165279e-01 2.65160523e-01
  1.18906064e-03 5.54894966e-03]
 [8.38926174e-04 4.19463087e-04 3.90939597e-01 7.55033557e-03
  0.00000000e+00 5.15939597e-02 2.73489933e-01 9.94127517e-02
  0.00000000e+00 1.75755034e-01]
 [3.54071826e-03 1.01163379e-03 3.65199798e-01 5.05816894e-03
  1.51745068e-03 1.11279717e-02 3.55589277e-01 1.07738998e-01
  3.03490137e-03 1.46181082e-01]
 [1.48588410e-03 1.88211986e-01 2.51114413e-01 8.42000991e-03
  1.48588410e-03 9.90589401e-04 2.24863794e-01 2.93214463e-01
  1.48588410e-03 2.87270926e-02]
 [1.80722892e-03 1.20481928e-03 3.85542169e-01 5.42168675e-03
  1.80722892e-03 3.61445783e-03 3.19879518e-01 5.96385542e-02
  7.04819277e-02 1.50602410e-01]
 [5.64263323e-03 6.26959248e-04 3.82445141e-01 2.50783699e-03
  0.00000000e+00 1.25391850e-03 3.29780564e-01 1.09717868e-01
  5.64263323e-03 1.62382445e-01]]
[2023-07-29 17:37:47,999 INFO] 40000 iteration, USE_EMA: True, {'train/sup_loss': tensor(0.0006, device='cuda:0'), 'train/certain_loss': tensor(0.1600, device='cuda:0'), 'train/shrink_loss': tensor(0.0583, device='cuda:0'), 'train/shrink_loss_reweighted': tensor(0.0424, device='cuda:0'), 'train/removed_class_idx': 2.4579436955192806, 'train/uncertainty_avg': 0.7608299015024689, 'train/certain_ratio_ema': 0.7270382004221416, 'train/total_loss': tensor(0.2029, device='cuda:0'), 'train/mask_ratio': tensor(0.7612, device='cuda:0'), 'lr': 0.029958772263417244, 'train/prefecth_time': 0.004945312023162842, 'train/run_time': 0.2801902160644531, 'eval/loss': tensor(6.3109, device='cuda:0'), 'eval/top-1-acc': 0.25230485556238474, 'eval/top-5-acc': 0.8065842040565457, 'eval/precision': 0.47208496715590276, 'eval/recall': 0.2431178730612023, 'eval/F1': 0.24648287775073138, 'eval/AUC': 0.690057763696434}, BEST_EVAL_ACC: 0.27304855562384756, at 30000 iters
[2023-07-29 18:03:49,240 INFO] model saved: ./exp/shrinkmatch_svhn_40labels_seed1/latest_model.pth
[2023-07-29 18:03:59,650 INFO] confusion matrix:
[[6.93233945e-01 1.14678899e-03 6.53669725e-02 2.29357798e-03
  5.73394495e-04 0.00000000e+00 3.66972477e-02 2.06422018e-02
  5.73394495e-04 1.79472477e-01]
 [9.80584428e-03 3.09668562e-01 7.51127672e-02 1.17670131e-02
  5.68738968e-03 5.88350657e-04 2.22200431e-01 3.57521083e-01
  0.00000000e+00 7.64855854e-03]
 [9.64087732e-04 3.85635093e-03 3.92865751e-01 5.30248253e-03
  7.23065799e-04 9.64087732e-04 2.82959749e-01 1.43890094e-01
  0.00000000e+00 1.68474331e-01]
 [1.73490632e-03 1.04094379e-03 3.23039556e-01 8.67453158e-03
  1.73490632e-03 3.46981263e-03 2.89382373e-01 1.85981957e-01
  3.12283137e-03 1.81818182e-01]
 [7.92707095e-04 2.77447483e-03 2.65556877e-02 2.37812128e-03
  2.37812128e-01 0.00000000e+00 2.26317876e-01 4.97027348e-01
  0.00000000e+00 6.34165676e-03]
 [8.38926174e-04 4.19463087e-04 3.00755034e-01 6.71140940e-03
  4.19463087e-04 3.10402685e-02 2.68036913e-01 1.97986577e-01
  0.00000000e+00 1.93791946e-01]
 [4.55235205e-03 1.51745068e-03 2.67071320e-01 4.04653515e-03
  3.03490137e-03 2.02326758e-03 3.56095094e-01 2.01820941e-01
  1.51745068e-03 1.58320688e-01]
 [4.95294700e-04 2.03566122e-01 1.29767211e-01 9.90589401e-03
  1.48588410e-03 1.48588410e-03 2.39722635e-01 3.88311045e-01
  0.00000000e+00 2.52600297e-02]
 [3.01204819e-03 1.20481928e-03 2.98795181e-01 3.61445783e-03
  1.80722892e-03 2.40963855e-03 3.40361446e-01 9.51807229e-02
  8.79518072e-02 1.65662651e-01]
 [8.15047022e-03 1.25391850e-03 3.21003135e-01 1.88087774e-03
  0.00000000e+00 6.26959248e-04 3.36677116e-01 1.54858934e-01
  1.88087774e-03 1.73667712e-01]]
[2023-07-29 18:03:59,659 INFO] 45000 iteration, USE_EMA: True, {'train/sup_loss': tensor(0.0005, device='cuda:0'), 'train/certain_loss': tensor(0.1728, device='cuda:0'), 'train/shrink_loss': tensor(0.0671, device='cuda:0'), 'train/shrink_loss_reweighted': tensor(0.0491, device='cuda:0'), 'train/removed_class_idx': 2.491525212582609, 'train/uncertainty_avg': 0.7424621162452572, 'train/certain_ratio_ema': 0.7312069673006976, 'train/total_loss': tensor(0.2224, device='cuda:0'), 'train/mask_ratio': tensor(0.7366, device='cuda:0'), 'lr': 0.029947824610993785, 'train/prefecth_time': 0.004223616123199463, 'train/run_time': 0.28499908447265626, 'eval/loss': tensor(6.1260, device='cuda:0'), 'eval/top-1-acc': 0.26997541487400123, 'eval/top-5-acc': 0.8075829748002459, 'eval/precision': 0.5009394001640846, 'eval/recall': 0.2679320844126503, 'eval/F1': 0.2656739619271988, 'eval/AUC': 0.7021757948970683}, BEST_EVAL_ACC: 0.27304855562384756, at 30000 iters
[2023-07-29 18:30:07,111 INFO] model saved: ./exp/shrinkmatch_svhn_40labels_seed1/latest_model.pth
[2023-07-29 18:30:17,803 INFO] confusion matrix:
[[6.65711009e-01 1.14678899e-03 5.96330275e-02 3.44036697e-03
  1.14678899e-03 0.00000000e+00 4.30045872e-02 1.89220183e-02
  0.00000000e+00 2.06995413e-01]
 [8.04079231e-03 2.90645225e-01 8.41341439e-02 7.64855854e-03
  5.49127280e-03 1.96116886e-04 2.42988821e-01 3.53402628e-01
  0.00000000e+00 7.45244166e-03]
 [7.23065799e-04 3.85635093e-03 3.92142685e-01 2.16919740e-03
  1.20510966e-03 4.82043866e-04 2.97662087e-01 1.29910822e-01
  0.00000000e+00 1.71848638e-01]
 [1.04094379e-03 1.73490632e-03 3.18875781e-01 4.51075642e-03
  1.38792505e-03 6.93962526e-04 3.08466343e-01 1.80083276e-01
  1.38792505e-03 1.81818182e-01]
 [3.96353547e-04 3.56718193e-03 2.81411019e-02 6.34165676e-03
  2.40190250e-01 0.00000000e+00 2.33055886e-01 4.80776853e-01
  0.00000000e+00 7.53071740e-03]
 [8.38926174e-04 4.19463087e-04 2.89848993e-01 8.38926174e-04
  4.19463087e-04 2.97818792e-02 2.91946309e-01 1.89597315e-01
  0.00000000e+00 1.96308725e-01]
 [3.54071826e-03 1.51745068e-03 2.68588771e-01 1.51745068e-03
  1.51745068e-03 1.51745068e-03 3.71775417e-01 1.87658068e-01
  5.05816894e-04 1.61861406e-01]
 [9.90589401e-04 2.03070827e-01 1.10450718e-01 6.93412580e-03
  9.90589401e-04 9.90589401e-04 2.43189698e-01 4.07132244e-01
  0.00000000e+00 2.62506191e-02]
 [3.01204819e-03 1.20481928e-03 3.25301205e-01 0.00000000e+00
  1.80722892e-03 1.20481928e-03 3.56626506e-01 8.73493976e-02
  5.54216867e-02 1.68072289e-01]
 [5.64263323e-03 1.88087774e-03 3.22884013e-01 1.25391850e-03
  6.26959248e-04 0.00000000e+00 3.48589342e-01 1.41692790e-01
  1.25391850e-03 1.76175549e-01]]
[2023-07-29 18:30:17,812 INFO] 50000 iteration, USE_EMA: True, {'train/sup_loss': tensor(0.0002, device='cuda:0'), 'train/certain_loss': tensor(0.1552, device='cuda:0'), 'train/shrink_loss': tensor(0.0791, device='cuda:0'), 'train/shrink_loss_reweighted': tensor(0.0585, device='cuda:0'), 'train/removed_class_idx': 2.4580150795408335, 'train/uncertainty_avg': 0.7611608581681282, 'train/certain_ratio_ema': 0.738828100663962, 'train/total_loss': tensor(0.2139, device='cuda:0'), 'train/mask_ratio': tensor(0.7076, device='cuda:0'), 'lr': 0.029935590606740264, 'train/prefecth_time': 0.004616703987121582, 'train/run_time': 0.31863751220703124, 'eval/loss': tensor(6.2742, device='cuda:0'), 'eval/top-1-acc': 0.2646742470805163, 'eval/top-5-acc': 0.806699446834665, 'eval/precision': 0.5160196345839443, 'eval/recall': 0.2633486700349259, 'eval/F1': 0.25703324511037307, 'eval/AUC': 0.7001676997611289}, BEST_EVAL_ACC: 0.27304855562384756, at 30000 iters
[2023-07-29 18:56:19,884 INFO] model saved: ./exp/shrinkmatch_svhn_40labels_seed1/latest_model.pth
[2023-07-29 18:56:30,399 INFO] confusion matrix:
[[7.37958716e-01 1.14678899e-03 2.29357798e-02 6.30733945e-03
  0.00000000e+00 1.14678899e-03 4.24311927e-02 1.14678899e-02
  5.73394495e-04 1.76032110e-01]
 [7.25632477e-03 3.28299667e-01 2.41223769e-02 2.19650912e-02
  3.33398706e-03 1.37281820e-03 2.42400471e-01 3.65169641e-01
  1.96116886e-04 5.88350657e-03]
 [9.64087732e-04 4.09737286e-03 4.67100506e-01 7.23065799e-03
  1.68715353e-03 3.85635093e-03 3.01036394e-01 6.02554832e-02
  0.00000000e+00 1.53771993e-01]
 [1.73490632e-03 3.81679389e-03 3.60166551e-01 1.38792505e-02
  1.38792505e-03 7.00902151e-02 3.11242193e-01 4.54545455e-02
  1.52671756e-02 1.76960444e-01]
 [7.92707095e-04 2.77447483e-03 7.53071740e-03 1.50614348e-02
  2.03329370e-01 3.96353547e-04 2.35434007e-01 5.28339279e-01
  0.00000000e+00 6.34165676e-03]
 [8.38926174e-04 4.19463087e-04 2.24412752e-01 8.38926174e-03
  4.19463087e-04 2.84815436e-01 2.75587248e-01 1.04865772e-02
  4.19463087e-04 1.94211409e-01]
 [6.57561963e-03 1.51745068e-03 2.77187658e-01 1.01163379e-02
  2.02326758e-03 1.09256449e-01 3.97572079e-01 3.23722812e-02
  8.09307031e-03 1.55285787e-01]
 [9.90589401e-04 1.99108470e-01 3.41753343e-02 2.08023774e-02
  4.95294700e-04 1.48588410e-03 2.49628529e-01 4.71520555e-01
  0.00000000e+00 2.17929668e-02]
 [4.21686747e-03 1.20481928e-03 1.90361446e-01 7.22891566e-03
  6.02409639e-04 9.63855422e-03 2.96385542e-01 1.02409639e-02
  3.13253012e-01 1.66867470e-01]
 [3.76175549e-03 2.50783699e-03 3.78683386e-01 4.38871473e-03
  1.25391850e-03 2.50783699e-03 3.62382445e-01 7.52351097e-02
  2.50783699e-03 1.66771160e-01]]
[2023-07-29 18:56:30,408 INFO] 55000 iteration, USE_EMA: True, {'train/sup_loss': tensor(0.0012, device='cuda:0'), 'train/certain_loss': tensor(0.1702, device='cuda:0'), 'train/shrink_loss': tensor(0.0936, device='cuda:0'), 'train/shrink_loss_reweighted': tensor(0.0689, device='cuda:0'), 'train/removed_class_idx': 2.456692719945455, 'train/uncertainty_avg': 0.7661844916491869, 'train/certain_ratio_ema': 0.7360443750303759, 'train/total_loss': tensor(0.2403, device='cuda:0'), 'train/mask_ratio': tensor(0.7165, device='cuda:0'), 'lr': 0.02992207077614505, 'train/prefecth_time': 0.004696352005004883, 'train/run_time': 0.30375091552734373, 'eval/loss': tensor(4.9964, device='cuda:0'), 'eval/top-1-acc': 0.33247541487400123, 'eval/top-5-acc': 0.8670098340503996, 'eval/precision': 0.5037190347128262, 'eval/recall': 0.3384499750463927, 'eval/F1': 0.3484650245600734, 'eval/AUC': 0.7601514007645311}, BEST_EVAL_ACC: 0.33247541487400123, at 55000 iters
[2023-07-29 18:56:31,794 INFO] model saved: ./exp/shrinkmatch_svhn_40labels_seed1/model_best.pth
[2023-07-29 19:22:31,907 INFO] model saved: ./exp/shrinkmatch_svhn_40labels_seed1/latest_model.pth
[2023-07-29 19:22:53,222 INFO] confusion matrix:
[[7.60321101e-01 5.73394495e-04 1.26146789e-02 2.86697248e-03
  0.00000000e+00 1.49082569e-02 4.01376147e-02 1.03211009e-02
  5.73394495e-04 1.57683486e-01]
 [6.07962346e-03 2.31417925e-01 2.94175328e-03 6.86409100e-03
  3.53010394e-03 5.29515591e-03 2.22984899e-01 5.15787409e-01
  3.92233771e-04 4.70680526e-03]
 [9.64087732e-04 2.41021933e-03 4.52880212e-01 2.65124126e-03
  1.68715353e-03 1.68715353e-02 2.86575078e-01 8.00192818e-02
  0.00000000e+00 1.55941191e-01]
 [1.38792505e-03 1.38792505e-03 1.94309507e-02 6.24566273e-03
  2.42886884e-03 4.84385843e-01 2.70645385e-01 1.94309507e-02
  1.04094379e-02 1.84247051e-01]
 [7.92707095e-04 1.98176774e-03 2.37812128e-03 1.58541419e-03
  1.82322632e-01 2.37812128e-03 2.18390805e-01 5.82639715e-01
  3.96353547e-04 7.13436385e-03]
 [8.38926174e-04 4.19463087e-04 5.45302013e-03 4.61409396e-03
  0.00000000e+00 5.92701342e-01 2.13506711e-01 5.45302013e-03
  4.19463087e-04 1.76593960e-01]
 [5.56398584e-03 5.05816894e-04 1.01163379e-03 3.54071826e-03
  1.01163379e-03 5.19979767e-01 3.12594841e-01 6.57561963e-03
  4.55235205e-03 1.44663632e-01]
 [4.95294700e-04 1.62951956e-01 2.47647350e-03 4.95294700e-03
  4.95294700e-04 7.92471521e-03 2.34769688e-01 5.60673601e-01
  0.00000000e+00 2.52600297e-02]
 [4.21686747e-03 1.20481928e-03 8.43373494e-03 3.61445783e-03
  6.02409639e-04 9.27710843e-02 2.80120482e-01 1.02409639e-02
  4.28313253e-01 1.70481928e-01]
 [2.50783699e-03 1.25391850e-03 3.64890282e-01 2.50783699e-03
  0.00000000e+00 1.56739812e-02 3.49216301e-01 9.59247649e-02
  4.38871473e-03 1.63636364e-01]]
[2023-07-29 19:22:53,231 INFO] 60000 iteration, USE_EMA: True, {'train/sup_loss': tensor(0.0023, device='cuda:0'), 'train/certain_loss': tensor(0.1645, device='cuda:0'), 'train/shrink_loss': tensor(0.0754, device='cuda:0'), 'train/shrink_loss_reweighted': tensor(0.0564, device='cuda:0'), 'train/removed_class_idx': 2.4466017042134265, 'train/uncertainty_avg': 0.7614684071626481, 'train/certain_ratio_ema': 0.747628529387449, 'train/total_loss': tensor(0.2232, device='cuda:0'), 'train/mask_ratio': tensor(0.7701, device='cuda:0'), 'lr': 0.029907265699926754, 'train/prefecth_time': 0.0048447041511535645, 'train/run_time': 0.28265133666992187, 'eval/loss': tensor(5.3458, device='cuda:0'), 'eval/top-1-acc': 0.3456515058389674, 'eval/top-5-acc': 0.8663952059004303, 'eval/precision': 0.5192586047116635, 'eval/recall': 0.369110693301229, 'eval/F1': 0.3649970643667689, 'eval/AUC': 0.7721371823029238}, BEST_EVAL_ACC: 0.3456515058389674, at 60000 iters
[2023-07-29 19:22:54,877 INFO] model saved: ./exp/shrinkmatch_svhn_40labels_seed1/model_best.pth
[2023-07-29 19:48:45,285 INFO] model saved: ./exp/shrinkmatch_svhn_40labels_seed1/latest_model.pth
[2023-07-29 19:48:55,897 INFO] confusion matrix:
[[7.27064220e-01 3.44036697e-03 1.37614679e-02 2.29357798e-03
  1.72018349e-03 1.72018349e-02 4.12844037e-02 1.72018349e-03
  0.00000000e+00 1.91513761e-01]
 [9.02137674e-03 7.82898608e-01 3.92233771e-03 7.06020788e-03
  2.94175328e-03 3.92233771e-03 1.67091587e-01 1.86311041e-02
  5.88350657e-04 3.92233771e-03]
 [9.64087732e-04 8.67678959e-03 5.16268980e-01 3.13328513e-03
  1.68715353e-03 1.56664256e-02 2.52108942e-01 3.44661364e-02
  0.00000000e+00 1.67028200e-01]
 [1.73490632e-03 1.14503817e-02 2.74115198e-02 5.55170021e-03
  3.46981263e-03 4.93407356e-01 2.41498959e-01 2.42886884e-03
  1.52671756e-02 1.97779320e-01]
 [1.18906064e-03 1.34760206e-02 3.96353547e-03 3.96353547e-04
  2.37812128e-01 2.37812128e-03 1.90249703e-01 5.44193421e-01
  3.96353547e-04 5.94530321e-03]
 [8.38926174e-04 2.51677852e-03 7.96979866e-03 2.93624161e-03
  8.38926174e-04 5.86409396e-01 2.04278523e-01 2.51677852e-03
  4.19463087e-04 1.91275168e-01]
 [5.56398584e-03 3.54071826e-03 2.02326758e-03 2.52908447e-03
  1.01163379e-03 5.18968134e-01 2.94891249e-01 5.05816894e-03
  1.31512393e-02 1.53262519e-01]
 [9.90589401e-04 2.10500248e-01 2.97176820e-03 4.95294700e-03
  9.90589401e-04 9.90589401e-03 2.01584943e-01 5.42347697e-01
  0.00000000e+00 2.57553244e-02]
 [4.81927711e-03 3.01204819e-03 7.83132530e-03 1.80722892e-03
  3.01204819e-03 4.15662651e-02 2.38554217e-01 2.40963855e-03
  5.25301205e-01 1.71686747e-01]
 [2.50783699e-03 5.64263323e-03 4.25078370e-01 3.13479624e-03
  0.00000000e+00 9.40438871e-03 3.18495298e-01 5.89341693e-02
  1.25391850e-03 1.75548589e-01]]
[2023-07-29 19:48:55,905 INFO] 65000 iteration, USE_EMA: True, {'train/sup_loss': tensor(0.0002, device='cuda:0'), 'train/certain_loss': tensor(0.1634, device='cuda:0'), 'train/shrink_loss': tensor(0.0448, device='cuda:0'), 'train/shrink_loss_reweighted': tensor(0.0331, device='cuda:0'), 'train/removed_class_idx': 2.4642854942602237, 'train/uncertainty_avg': 0.7389853732494519, 'train/certain_ratio_ema': 0.7369950819182001, 'train/total_loss': tensor(0.1967, device='cuda:0'), 'train/mask_ratio': tensor(0.7500, device='cuda:0'), 'lr': 0.029891176014009247, 'train/prefecth_time': 0.004778336048126221, 'train/run_time': 0.28387640380859375, 'eval/loss': tensor(4.1012, device='cuda:0'), 'eval/top-1-acc': 0.470421020282729, 'eval/top-5-acc': 0.8980485556238476, 'eval/precision': 0.5465705347157822, 'eval/recall': 0.43940937732390556, 'eval/F1': 0.44653975276147867, 'eval/AUC': 0.8102303196118253}, BEST_EVAL_ACC: 0.470421020282729, at 65000 iters
[2023-07-29 19:48:57,015 INFO] model saved: ./exp/shrinkmatch_svhn_40labels_seed1/model_best.pth
[2023-07-29 20:14:43,008 INFO] model saved: ./exp/shrinkmatch_svhn_40labels_seed1/latest_model.pth
[2023-07-29 20:14:54,041 INFO] confusion matrix:
[[7.68348624e-01 4.58715596e-03 1.20412844e-02 5.73394495e-03
  1.72018349e-03 1.60550459e-02 3.44036697e-02 5.73394495e-04
  0.00000000e+00 1.56536697e-01]
 [7.84467543e-03 7.77603452e-01 4.70680526e-03 6.07962346e-03
  1.11786625e-02 4.51068837e-03 1.78270249e-01 7.45244166e-03
  3.92233771e-04 1.96116886e-03]
 [1.20510966e-03 6.98963606e-03 5.96288262e-01 3.61532899e-03
  5.06146059e-03 1.22921186e-02 2.35237407e-01 1.20510966e-03
  0.00000000e+00 1.38105568e-01]
 [1.73490632e-03 1.28383067e-02 2.42886884e-02 1.04094379e-02
  4.85773768e-03 5.74600972e-01 2.26925746e-01 1.38792505e-03
  8.32755031e-03 1.34628730e-01]
 [1.98176774e-03 7.53071740e-03 2.37812128e-03 3.96353547e-04
  7.79231074e-01 1.98176774e-03 2.01743956e-01 7.92707095e-04
  3.96353547e-04 3.56718193e-03]
 [8.38926174e-04 2.51677852e-03 7.13087248e-03 5.87248322e-03
  3.35570470e-03 6.45553691e-01 2.00083893e-01 4.19463087e-04
  8.38926174e-04 1.33389262e-01]
 [9.10470410e-03 3.03490137e-03 0.00000000e+00 6.57561963e-03
  8.09307031e-03 5.50328781e-01 2.76176024e-01 5.05816894e-04
  1.41628730e-02 1.32018209e-01]
 [0.00000000e+00 1.74839029e-01 6.43883110e-03 6.43883110e-03
  1.98117880e-03 9.41059931e-03 1.94650817e-01 5.80980684e-01
  0.00000000e+00 2.52600297e-02]
 [5.42168675e-03 2.40963855e-03 8.43373494e-03 1.80722892e-03
  6.02409639e-03 3.49397590e-02 2.31927711e-01 0.00000000e+00
  5.57831325e-01 1.51204819e-01]
 [3.76175549e-03 5.64263323e-03 5.47962382e-01 4.38871473e-03
  3.76175549e-03 8.15047022e-03 2.75862069e-01 6.26959248e-04
  1.88087774e-03 1.47962382e-01]]
