[2023-07-29 13:27:03,544 WARNING] USE GPU: 0 for training
[2023-07-29 13:27:03,606 INFO] Number of Trainable Params: 1475284
[2023-07-29 13:27:06,949 INFO] model_arch: <models.shrinkmatch.shrinkmatch.ShrinkMatch object at 0x7fd195542040>
[2023-07-29 13:27:06,949 INFO] Arguments: Namespace(T=0.5, alg='shrinkmatch', amp=False, batch_size=64, bn_momentum=0.0010000000000000009, c='config/shrinkmatch_svhn_250labels_seed2.yaml', clip=0, data_dir='./data', dataset='svhn', depth=28, dist_backend='nccl', dist_url='tcp://127.0.0.1:25194', distributed=True, dropout=0.0, ema_m=0.999, epoch=1, eval_batch_size=1024, gpu=0, hard_label=True, leaky_slope=0.1, load_path='None', lr=0.03, momentum=0.9, multiprocessing_distributed=True, net='WideResNet', net_from_name=False, num_classes=10, num_eval_iter=5000, num_labels=250, num_train_iter=1048576, num_workers=1, optim='SGD', overwrite=False, p_cutoff=0.95, rank=0, resume=False, save_dir='./exp', save_name='shrinkmatch_svhn_250labels_seed2', seed=2, train_sampler='RandomSampler', ulb_loss_ratio=1.0, uratio=7, use_da=False, use_tensorboard=True, weight_decay=0.0005, widen_factor=2, world_size=1)
[2023-07-29 13:27:29,057 INFO] [!] data loader keys: dict_keys(['train_lb', 'train_ulb', 'eval'])
[2023-07-29 13:27:39,837 INFO] confusion matrix:
[[0.00000000e+00 0.00000000e+00 0.00000000e+00 4.01376147e-03
  3.43463303e-01 0.00000000e+00 5.73394495e-04 0.00000000e+00
  6.51949541e-01 0.00000000e+00]
 [0.00000000e+00 0.00000000e+00 0.00000000e+00 3.53010394e-03
  3.92822122e-01 0.00000000e+00 7.84467543e-04 0.00000000e+00
  6.02863307e-01 0.00000000e+00]
 [0.00000000e+00 0.00000000e+00 0.00000000e+00 4.57941673e-03
  3.82983852e-01 0.00000000e+00 0.00000000e+00 0.00000000e+00
  6.12436732e-01 0.00000000e+00]
 [0.00000000e+00 0.00000000e+00 0.00000000e+00 2.08188758e-03
  3.76821652e-01 0.00000000e+00 0.00000000e+00 0.00000000e+00
  6.21096461e-01 0.00000000e+00]
 [0.00000000e+00 0.00000000e+00 0.00000000e+00 2.37812128e-03
  3.78913991e-01 0.00000000e+00 7.92707095e-04 0.00000000e+00
  6.17915180e-01 0.00000000e+00]
 [0.00000000e+00 0.00000000e+00 0.00000000e+00 1.67785235e-03
  3.84228188e-01 0.00000000e+00 4.19463087e-04 0.00000000e+00
  6.13674497e-01 0.00000000e+00]
 [0.00000000e+00 0.00000000e+00 0.00000000e+00 2.52908447e-03
  3.76833586e-01 0.00000000e+00 1.01163379e-03 0.00000000e+00
  6.19625695e-01 0.00000000e+00]
 [0.00000000e+00 0.00000000e+00 0.00000000e+00 3.96235760e-03
  3.93759287e-01 0.00000000e+00 0.00000000e+00 0.00000000e+00
  6.02278356e-01 0.00000000e+00]
 [0.00000000e+00 0.00000000e+00 0.00000000e+00 1.20481928e-03
  3.68072289e-01 0.00000000e+00 0.00000000e+00 0.00000000e+00
  6.30722892e-01 0.00000000e+00]
 [0.00000000e+00 0.00000000e+00 0.00000000e+00 4.38871473e-03
  3.44827586e-01 0.00000000e+00 0.00000000e+00 0.00000000e+00
  6.50783699e-01 0.00000000e+00]]
[2023-07-29 13:31:32,083 INFO] model saved: ./exp/shrinkmatch_svhn_250labels_seed2/latest_model.pth
[2023-07-29 13:31:49,397 INFO] confusion matrix:
[[0.00000000e+00 0.00000000e+00 0.00000000e+00 4.01376147e-03
  3.45183486e-01 0.00000000e+00 5.73394495e-04 0.00000000e+00
  6.50229358e-01 0.00000000e+00]
 [0.00000000e+00 0.00000000e+00 0.00000000e+00 3.72622083e-03
  3.94979408e-01 0.00000000e+00 7.84467543e-04 0.00000000e+00
  6.00509904e-01 0.00000000e+00]
 [0.00000000e+00 0.00000000e+00 0.00000000e+00 4.33839479e-03
  3.87804290e-01 0.00000000e+00 0.00000000e+00 0.00000000e+00
  6.07857315e-01 0.00000000e+00]
 [0.00000000e+00 0.00000000e+00 0.00000000e+00 2.08188758e-03
  3.79944483e-01 0.00000000e+00 0.00000000e+00 0.00000000e+00
  6.17973629e-01 0.00000000e+00]
 [0.00000000e+00 0.00000000e+00 0.00000000e+00 2.37812128e-03
  3.82877527e-01 0.00000000e+00 7.92707095e-04 0.00000000e+00
  6.13951645e-01 0.00000000e+00]
 [0.00000000e+00 0.00000000e+00 0.00000000e+00 1.67785235e-03
  3.86744966e-01 0.00000000e+00 4.19463087e-04 0.00000000e+00
  6.11157718e-01 0.00000000e+00]
 [0.00000000e+00 0.00000000e+00 0.00000000e+00 2.52908447e-03
  3.79868488e-01 0.00000000e+00 1.01163379e-03 0.00000000e+00
  6.16590794e-01 0.00000000e+00]
 [0.00000000e+00 0.00000000e+00 0.00000000e+00 3.96235760e-03
  3.98216939e-01 0.00000000e+00 4.95294700e-04 0.00000000e+00
  5.97325409e-01 0.00000000e+00]
 [0.00000000e+00 0.00000000e+00 0.00000000e+00 1.20481928e-03
  3.69879518e-01 0.00000000e+00 0.00000000e+00 0.00000000e+00
  6.28915663e-01 0.00000000e+00]
 [0.00000000e+00 0.00000000e+00 0.00000000e+00 4.38871473e-03
  3.47335423e-01 0.00000000e+00 0.00000000e+00 0.00000000e+00
  6.48275862e-01 0.00000000e+00]]
[2023-07-29 13:31:49,405 INFO] 0 iteration, USE_EMA: True, {'train/sup_loss': tensor(2.4785, device='cuda:0'), 'train/certain_loss': tensor(0., device='cuda:0'), 'train/shrink_loss': tensor(0.0044, device='cuda:0'), 'train/shrink_loss_reweighted': tensor(0., device='cuda:0'), 'train/removed_class_idx': 8.995535513492511, 'train/uncertainty_avg': 0.1741349798108316, 'train/certain_ratio_ema': 0.0, 'train/total_loss': tensor(2.4785, device='cuda:0'), 'train/mask_ratio': tensor(0., device='cuda:0'), 'lr': 0.029999999999974228, 'train/prefecth_time': 223.906390625, 'train/run_time': 9.231765625, 'eval/loss': tensor(19.2719, device='cuda:0'), 'eval/top-1-acc': 0.077519975414874, 'eval/top-5-acc': 0.4552473878303626, 'eval/precision': 0.041747747591030185, 'eval/recall': 0.10148867107711061, 'eval/F1': 0.027937129709312253, 'eval/AUC': 0.5043487231078561}, BEST_EVAL_ACC: 0.077519975414874, at 0 iters
[2023-07-29 13:31:49,497 INFO] model saved: ./exp/shrinkmatch_svhn_250labels_seed2/model_best.pth
[2023-07-29 14:01:15,825 INFO] model saved: ./exp/shrinkmatch_svhn_250labels_seed2/latest_model.pth
[2023-07-29 14:01:36,984 INFO] confusion matrix:
[[9.34633028e-01 6.30733945e-03 8.60091743e-03 2.86697248e-03
  1.14678899e-03 5.73394495e-03 1.14678899e-02 2.29357798e-03
  9.74770642e-03 1.72018349e-02]
 [1.86311041e-02 9.25867817e-01 9.60972740e-03 4.31457148e-03
  1.56893509e-02 5.68738968e-03 3.72622083e-03 8.04079231e-03
  5.09903903e-03 3.33398706e-03]
 [1.92817546e-03 1.25331405e-02 9.32754881e-01 1.83176669e-02
  9.39985539e-03 1.13280309e-02 2.16919740e-03 4.33839479e-03
  1.92817546e-03 5.30248253e-03]
 [4.16377516e-03 2.81054823e-02 2.22068008e-02 8.60860514e-01
  1.35322693e-02 2.53296322e-02 3.46981263e-03 1.38792505e-03
  2.91464261e-02 1.17973629e-02]
 [4.75624257e-03 2.73483948e-02 3.56718193e-03 5.94530321e-03
  9.46492271e-01 3.96353547e-03 7.92707095e-04 1.18906064e-03
  7.92707095e-04 5.15259612e-03]
 [1.25838926e-03 7.55033557e-03 6.71140940e-03 3.18791946e-02
  7.13087248e-03 9.26593960e-01 1.17449664e-02 1.25838926e-03
  2.93624161e-03 2.93624161e-03]
 [1.31512393e-02 8.59888720e-03 2.02326758e-03 1.31512393e-02
  9.10470410e-03 2.32675771e-02 9.11987860e-01 1.01163379e-03
  1.36570561e-02 4.04653515e-03]
 [3.46706290e-03 6.24071322e-02 6.93412580e-03 1.33729569e-02
  3.46706290e-03 7.92471521e-03 1.48588410e-03 8.95988113e-01
  2.47647350e-03 2.47647350e-03]
 [9.03614458e-03 7.22891566e-03 3.61445783e-03 1.26506024e-02
  9.63855422e-03 8.43373494e-03 3.07228916e-02 0.00000000e+00
  9.00602410e-01 1.80722892e-02]
 [1.12852665e-02 9.40438871e-03 2.44514107e-02 4.38871473e-03
  4.38871473e-03 6.26959248e-03 1.25391850e-03 2.50783699e-03
  1.00313480e-02 9.26018809e-01]]
[2023-07-29 14:01:36,993 INFO] 5000 iteration, USE_EMA: True, {'train/sup_loss': tensor(0.0004, device='cuda:0'), 'train/certain_loss': tensor(0.1541, device='cuda:0'), 'train/shrink_loss': tensor(0.0510, device='cuda:0'), 'train/shrink_loss_reweighted': tensor(0.0438, device='cuda:0'), 'train/removed_class_idx': 2.763635861157116, 'train/uncertainty_avg': 0.7378361330375218, 'train/certain_ratio_ema': 0.8597375581844308, 'train/total_loss': tensor(0.1984, device='cuda:0'), 'train/mask_ratio': tensor(0.8772, device='cuda:0'), 'lr': 0.029999355445794247, 'train/prefecth_time': 0.004344863891601563, 'train/run_time': 0.2578628234863281, 'eval/loss': tensor(0.3087, device='cuda:0'), 'eval/top-1-acc': 0.9174477566072526, 'eval/top-5-acc': 0.9920098340503996, 'eval/precision': 0.9141478562722478, 'eval/recall': 0.9161799661543493, 'eval/F1': 0.9148769142268366, 'eval/AUC': 0.9941932582257864}, BEST_EVAL_ACC: 0.9174477566072526, at 5000 iters
[2023-07-29 14:01:38,859 INFO] model saved: ./exp/shrinkmatch_svhn_250labels_seed2/model_best.pth
[2023-07-29 14:24:19,773 INFO] model saved: ./exp/shrinkmatch_svhn_250labels_seed2/latest_model.pth
[2023-07-29 14:24:41,096 INFO] confusion matrix:
[[9.48394495e-01 5.73394495e-03 5.73394495e-03 1.72018349e-03
  2.29357798e-03 5.16055046e-03 1.14678899e-02 1.14678899e-03
  2.86697248e-03 1.54816514e-02]
 [1.11786625e-02 9.55873701e-01 4.90292214e-03 2.54951951e-03
  1.11786625e-02 3.13787017e-03 2.74563640e-03 4.11845460e-03
  2.15728574e-03 2.15728574e-03]
 [1.44613160e-03 1.08459870e-02 9.45288021e-01 1.85586888e-02
  6.02554832e-03 7.71270186e-03 2.16919740e-03 2.89226320e-03
  4.82043866e-04 4.57941673e-03]
 [2.77585010e-03 1.94309507e-02 6.59264400e-03 9.26092991e-01
  4.51075642e-03 1.35322693e-02 4.16377516e-03 1.38792505e-03
  9.71547536e-03 1.17973629e-02]
 [3.96353547e-03 2.10067380e-02 1.98176774e-03 4.75624257e-03
  9.60760999e-01 7.92707095e-04 1.18906064e-03 1.18906064e-03
  3.96353547e-04 3.96353547e-03]
 [8.38926174e-04 5.87248322e-03 5.03355705e-03 1.80369128e-02
  4.61409396e-03 9.47986577e-01 1.13255034e-02 1.25838926e-03
  2.51677852e-03 2.51677852e-03]
 [8.59888720e-03 7.58725341e-03 1.51745068e-03 1.01163379e-02
  5.56398584e-03 1.26454224e-02 9.45371775e-01 5.05816894e-04
  6.57561963e-03 1.51745068e-03]
 [2.97176820e-03 4.65577018e-02 5.94353640e-03 8.42000991e-03
  2.47647350e-03 4.45765230e-03 1.48588410e-03 9.24715206e-01
  1.98117880e-03 9.90589401e-04]
 [7.83132530e-03 6.02409639e-03 3.01204819e-03 9.03614458e-03
  6.02409639e-03 5.42168675e-03 1.74698795e-02 0.00000000e+00
  9.33132530e-01 1.20481928e-02]
 [8.77742947e-03 1.00313480e-02 1.56739812e-02 5.64263323e-03
  6.26959248e-04 3.13479624e-03 1.25391850e-03 6.26959248e-04
  6.26959248e-03 9.47962382e-01]]
[2023-07-29 14:24:41,104 INFO] 10000 iteration, USE_EMA: True, {'train/sup_loss': tensor(0.0008, device='cuda:0'), 'train/certain_loss': tensor(0.1027, device='cuda:0'), 'train/shrink_loss': tensor(0.0319, device='cuda:0'), 'train/shrink_loss_reweighted': tensor(0.0293, device='cuda:0'), 'train/removed_class_idx': 2.8749992812501795, 'train/uncertainty_avg': 0.743486193215423, 'train/certain_ratio_ema': 0.9209167043672368, 'train/total_loss': tensor(0.1328, device='cuda:0'), 'train/mask_ratio': tensor(0.9107, device='cuda:0'), 'lr': 0.02999742232637523, 'train/prefecth_time': 0.005714176177978515, 'train/run_time': 0.2495800018310547, 'eval/loss': tensor(0.2326, device='cuda:0'), 'eval/top-1-acc': 0.9449907805777504, 'eval/top-5-acc': 0.9940457897971727, 'eval/precision': 0.9435890183033193, 'eval/recall': 0.9435578677849262, 'eval/F1': 0.943429450442218, 'eval/AUC': 0.9963477536501075}, BEST_EVAL_ACC: 0.9449907805777504, at 10000 iters
[2023-07-29 14:24:42,528 INFO] model saved: ./exp/shrinkmatch_svhn_250labels_seed2/model_best.pth
[2023-07-29 14:47:03,293 INFO] model saved: ./exp/shrinkmatch_svhn_250labels_seed2/latest_model.pth
[2023-07-29 14:47:13,553 INFO] confusion matrix:
[[9.54128440e-01 6.30733945e-03 5.73394495e-03 1.14678899e-03
  5.73394495e-04 5.16055046e-03 9.74770642e-03 1.14678899e-03
  2.29357798e-03 1.37614679e-02]
 [1.11786625e-02 9.57050402e-01 3.72622083e-03 2.94175328e-03
  1.13747794e-02 1.96116886e-03 2.54951951e-03 5.49127280e-03
  1.76505197e-03 1.96116886e-03]
 [1.44613160e-03 8.67678959e-03 9.53723789e-01 1.42202940e-02
  5.30248253e-03 7.23065799e-03 1.92817546e-03 3.13328513e-03
  2.41021933e-04 4.09737286e-03]
 [2.42886884e-03 1.42262318e-02 5.55170021e-03 9.41707148e-01
  3.81679389e-03 1.11034004e-02 3.81679389e-03 6.93962526e-04
  6.59264400e-03 1.00624566e-02]
 [3.56718193e-03 2.17994451e-02 1.58541419e-03 4.75624257e-03
  9.61553706e-01 7.92707095e-04 7.92707095e-04 1.18906064e-03
  3.96353547e-04 3.56718193e-03]
 [1.67785235e-03 4.19463087e-03 3.35570470e-03 1.34228188e-02
  4.61409396e-03 9.56375839e-01 9.64765101e-03 1.67785235e-03
  2.51677852e-03 2.51677852e-03]
 [8.09307031e-03 4.55235205e-03 1.51745068e-03 9.61052099e-03
  3.54071826e-03 1.46686899e-02 9.49418311e-01 1.01163379e-03
  4.55235205e-03 3.03490137e-03]
 [2.47647350e-03 3.51659237e-02 4.95294700e-03 6.43883110e-03
  1.98117880e-03 3.46706290e-03 9.90589401e-04 9.41059931e-01
  1.48588410e-03 1.98117880e-03]
 [5.42168675e-03 6.62650602e-03 3.01204819e-03 6.62650602e-03
  4.21686747e-03 5.42168675e-03 1.44578313e-02 0.00000000e+00
  9.43975904e-01 1.02409639e-02]
 [9.40438871e-03 7.52351097e-03 1.31661442e-02 5.01567398e-03
  1.25391850e-03 3.13479624e-03 1.25391850e-03 1.25391850e-03
  3.76175549e-03 9.54231975e-01]]
[2023-07-29 14:47:13,562 INFO] 15000 iteration, USE_EMA: True, {'train/sup_loss': tensor(0.0007, device='cuda:0'), 'train/certain_loss': tensor(0.1075, device='cuda:0'), 'train/shrink_loss': tensor(0.0187, device='cuda:0'), 'train/shrink_loss_reweighted': tensor(0.0174, device='cuda:0'), 'train/removed_class_idx': 3.3599986560005375, 'train/uncertainty_avg': 0.7007825074868322, 'train/certain_ratio_ema': 0.9326717118440986, 'train/total_loss': tensor(0.1256, device='cuda:0'), 'train/mask_ratio': tensor(0.9442, device='cuda:0'), 'lr': 0.029994200724750647, 'train/prefecth_time': 0.004631743907928467, 'train/run_time': 0.24416259765625, 'eval/loss': tensor(0.2096, device='cuda:0'), 'eval/top-1-acc': 0.9521742470805162, 'eval/top-5-acc': 0.9941226183159189, 'eval/precision': 0.9502324016079562, 'eval/recall': 0.9513225443683637, 'eval/F1': 0.9506832584961543, 'eval/AUC': 0.9967095491893956}, BEST_EVAL_ACC: 0.9521742470805162, at 15000 iters
[2023-07-29 14:47:13,917 INFO] model saved: ./exp/shrinkmatch_svhn_250labels_seed2/model_best.pth
[2023-07-29 15:09:34,838 INFO] model saved: ./exp/shrinkmatch_svhn_250labels_seed2/latest_model.pth
[2023-07-29 15:09:45,087 INFO] confusion matrix:
[[9.63302752e-01 4.58715596e-03 5.16055046e-03 1.14678899e-03
  5.73394495e-04 3.44036697e-03 9.17431193e-03 1.14678899e-03
  1.14678899e-03 1.03211009e-02]
 [8.82525985e-03 9.65287311e-01 3.33398706e-03 2.94175328e-03
  7.45244166e-03 2.15728574e-03 1.96116886e-03 4.70680526e-03
  1.37281820e-03 1.96116886e-03]
 [1.44613160e-03 1.03639431e-02 9.55892986e-01 1.32562063e-02
  3.61532899e-03 6.50759219e-03 1.92817546e-03 2.65124126e-03
  2.41021933e-04 4.09737286e-03]
 [2.42886884e-03 1.24913255e-02 4.51075642e-03 9.46564885e-01
  3.12283137e-03 1.11034004e-02 4.16377516e-03 1.38792505e-03
  6.24566273e-03 7.98056905e-03]
 [3.17082838e-03 2.14030916e-02 1.58541419e-03 4.35988902e-03
  9.63139120e-01 7.92707095e-04 1.58541419e-03 1.58541419e-03
  3.96353547e-04 1.98176774e-03]
 [8.38926174e-04 5.03355705e-03 4.19463087e-03 1.63590604e-02
  3.77516779e-03 9.56795302e-01 7.13087248e-03 8.38926174e-04
  2.51677852e-03 2.51677852e-03]
 [7.08143652e-03 4.55235205e-03 1.51745068e-03 5.56398584e-03
  2.02326758e-03 1.21396055e-02 9.56499747e-01 1.01163379e-03
  7.08143652e-03 2.52908447e-03]
 [2.47647350e-03 2.77365032e-02 4.95294700e-03 6.93412580e-03
  1.98117880e-03 2.47647350e-03 4.95294700e-04 9.49975235e-01
  1.48588410e-03 1.48588410e-03]
 [6.62650602e-03 4.81927711e-03 2.40963855e-03 6.02409639e-03
  4.21686747e-03 3.61445783e-03 1.20481928e-02 0.00000000e+00
  9.49397590e-01 1.08433735e-02]
 [1.00313480e-02 5.64263323e-03 1.56739812e-02 6.26959248e-03
  6.26959248e-04 3.13479624e-03 1.25391850e-03 1.25391850e-03
  4.38871473e-03 9.51724138e-01]]
[2023-07-29 15:09:45,095 INFO] 20000 iteration, USE_EMA: True, {'train/sup_loss': tensor(0.0002, device='cuda:0'), 'train/certain_loss': tensor(0.0853, device='cuda:0'), 'train/shrink_loss': tensor(0.0246, device='cuda:0'), 'train/shrink_loss_reweighted': tensor(0.0231, device='cuda:0'), 'train/removed_class_idx': 2.719998912000435, 'train/uncertainty_avg': 0.6997551085962629, 'train/certain_ratio_ema': 0.9387775961979682, 'train/total_loss': tensor(0.1086, device='cuda:0'), 'train/mask_ratio': tensor(0.9442, device='cuda:0'), 'lr': 0.02998969077929826, 'train/prefecth_time': 0.007284863948822022, 'train/run_time': 0.26937188720703126, 'eval/loss': tensor(0.1942, device='cuda:0'), 'eval/top-1-acc': 0.9568992009834051, 'eval/top-5-acc': 0.9947372464658881, 'eval/precision': 0.9553557560101608, 'eval/recall': 0.9558579068046573, 'eval/F1': 0.9555443078417374, 'eval/AUC': 0.9969049691387618}, BEST_EVAL_ACC: 0.9568992009834051, at 20000 iters
[2023-07-29 15:09:46,445 INFO] model saved: ./exp/shrinkmatch_svhn_250labels_seed2/model_best.pth
[2023-07-29 15:31:54,342 INFO] model saved: ./exp/shrinkmatch_svhn_250labels_seed2/latest_model.pth
[2023-07-29 15:32:18,036 INFO] confusion matrix:
[[9.65596330e-01 4.58715596e-03 4.58715596e-03 2.29357798e-03
  0.00000000e+00 2.86697248e-03 6.88073394e-03 1.14678899e-03
  1.14678899e-03 1.08944954e-02]
 [8.23690920e-03 9.65091194e-01 4.11845460e-03 2.74563640e-03
  7.84467543e-03 2.35340263e-03 2.35340263e-03 4.90292214e-03
  1.17670131e-03 1.17670131e-03]
 [1.20510966e-03 7.47167992e-03 9.62159557e-01 1.30151844e-02
  3.37430706e-03 5.30248253e-03 1.68715353e-03 1.92817546e-03
  0.00000000e+00 3.85635093e-03]
 [1.73490632e-03 1.00624566e-02 5.89868147e-03 9.50034698e-01
  3.12283137e-03 1.07564192e-02 2.77585010e-03 1.38792505e-03
  5.55170021e-03 8.67453158e-03]
 [3.17082838e-03 2.21957987e-02 1.18906064e-03 3.56718193e-03
  9.63535474e-01 7.92707095e-04 7.92707095e-04 1.98176774e-03
  3.96353547e-04 2.37812128e-03]
 [1.25838926e-03 4.19463087e-03 4.19463087e-03 1.17449664e-02
  4.19463087e-03 9.62248322e-01 6.71140940e-03 1.25838926e-03
  1.67785235e-03 2.51677852e-03]
 [6.57561963e-03 4.55235205e-03 2.02326758e-03 5.05816894e-03
  2.52908447e-03 1.11279717e-02 9.58523015e-01 1.01163379e-03
  6.57561963e-03 2.02326758e-03]
 [2.47647350e-03 2.82317979e-02 5.44824170e-03 4.45765230e-03
  1.48588410e-03 2.47647350e-03 4.95294700e-04 9.52451709e-01
  1.98117880e-03 4.95294700e-04]
 [6.02409639e-03 6.02409639e-03 2.40963855e-03 5.42168675e-03
  3.61445783e-03 3.61445783e-03 1.14457831e-02 0.00000000e+00
  9.55421687e-01 6.02409639e-03]
 [1.00313480e-02 8.77742947e-03 1.56739812e-02 3.13479624e-03
  0.00000000e+00 3.13479624e-03 6.26959248e-04 6.26959248e-04
  3.13479624e-03 9.54858934e-01]]
[2023-07-29 15:32:18,044 INFO] 25000 iteration, USE_EMA: True, {'train/sup_loss': tensor(0.0005, device='cuda:0'), 'train/certain_loss': tensor(0.1085, device='cuda:0'), 'train/shrink_loss': tensor(0.0169, device='cuda:0'), 'train/shrink_loss_reweighted': tensor(0.0160, device='cuda:0'), 'train/removed_class_idx': 2.642856198979929, 'train/uncertainty_avg': 0.7820180565100514, 'train/certain_ratio_ema': 0.9425140036623997, 'train/total_loss': tensor(0.1250, device='cuda:0'), 'train/mask_ratio': tensor(0.9375, device='cuda:0'), 'lr': 0.0299838926837342, 'train/prefecth_time': 0.004687295913696289, 'train/run_time': 0.2511789398193359, 'eval/loss': tensor(0.1855, device='cuda:0'), 'eval/top-1-acc': 0.9598570989551322, 'eval/top-5-acc': 0.9950061462814997, 'eval/precision': 0.9588373061819626, 'eval/recall': 0.9589920919414819, 'eval/F1': 0.9588683505031449, 'eval/AUC': 0.9970258289556698}, BEST_EVAL_ACC: 0.9598570989551322, at 25000 iters
[2023-07-29 15:32:19,814 INFO] model saved: ./exp/shrinkmatch_svhn_250labels_seed2/model_best.pth
[2023-07-29 15:54:22,923 INFO] model saved: ./exp/shrinkmatch_svhn_250labels_seed2/latest_model.pth
[2023-07-29 15:54:33,486 INFO] confusion matrix:
[[9.63876147e-01 5.16055046e-03 3.44036697e-03 1.14678899e-03
  0.00000000e+00 4.01376147e-03 9.74770642e-03 1.14678899e-03
  2.86697248e-03 8.60091743e-03]
 [9.21749363e-03 9.63914493e-01 3.72622083e-03 2.54951951e-03
  7.45244166e-03 2.74563640e-03 1.96116886e-03 5.68738968e-03
  1.37281820e-03 1.37281820e-03]
 [1.20510966e-03 8.67678959e-03 9.63364666e-01 1.01229212e-02
  3.13328513e-03 4.82043866e-03 1.20510966e-03 2.89226320e-03
  9.64087732e-04 3.61532899e-03]
 [2.08188758e-03 1.00624566e-02 5.20471895e-03 9.51769604e-01
  1.73490632e-03 9.71547536e-03 2.77585010e-03 1.38792505e-03
  7.28660652e-03 7.98056905e-03]
 [3.17082838e-03 2.14030916e-02 1.98176774e-03 3.96353547e-03
  9.61553706e-01 1.58541419e-03 7.92707095e-04 2.37812128e-03
  7.92707095e-04 2.37812128e-03]
 [8.38926174e-04 4.61409396e-03 3.77516779e-03 1.30033557e-02
  3.35570470e-03 9.60570470e-01 7.96979866e-03 1.25838926e-03
  1.25838926e-03 3.35570470e-03]
 [4.55235205e-03 4.55235205e-03 1.01163379e-03 6.57561963e-03
  2.52908447e-03 8.59888720e-03 9.63581184e-01 1.51745068e-03
  5.05816894e-03 2.02326758e-03]
 [1.98117880e-03 2.82317979e-02 5.44824170e-03 3.96235760e-03
  1.48588410e-03 1.98117880e-03 0.00000000e+00 9.54432888e-01
  9.90589401e-04 1.48588410e-03]
 [4.81927711e-03 4.81927711e-03 1.20481928e-03 6.02409639e-03
  3.01204819e-03 4.21686747e-03 1.14457831e-02 6.02409639e-04
  9.58433735e-01 5.42168675e-03]
 [6.89655172e-03 6.89655172e-03 1.37931034e-02 3.76175549e-03
  6.26959248e-04 3.13479624e-03 1.25391850e-03 6.26959248e-04
  4.38871473e-03 9.58620690e-01]]
[2023-07-29 15:54:33,494 INFO] 30000 iteration, USE_EMA: True, {'train/sup_loss': tensor(0.0002, device='cuda:0'), 'train/certain_loss': tensor(0.1170, device='cuda:0'), 'train/shrink_loss': tensor(0.0249, device='cuda:0'), 'train/shrink_loss_reweighted': tensor(0.0235, device='cuda:0'), 'train/removed_class_idx': 2.8518507956108166, 'train/uncertainty_avg': 0.7500269957523674, 'train/certain_ratio_ema': 0.9446991710920848, 'train/total_loss': tensor(0.1407, device='cuda:0'), 'train/mask_ratio': tensor(0.9397, device='cuda:0'), 'lr': 0.029976806687104632, 'train/prefecth_time': 0.004677760124206543, 'train/run_time': 0.24313763427734375, 'eval/loss': tensor(0.1843, device='cuda:0'), 'eval/top-1-acc': 0.9605101413644745, 'eval/top-5-acc': 0.9949677320221266, 'eval/precision': 0.9591237954870554, 'eval/recall': 0.9600117581931716, 'eval/F1': 0.959536215429182, 'eval/AUC': 0.9970872221173896}, BEST_EVAL_ACC: 0.9605101413644745, at 30000 iters
[2023-07-29 15:54:34,633 INFO] model saved: ./exp/shrinkmatch_svhn_250labels_seed2/model_best.pth
[2023-07-29 16:16:37,583 INFO] model saved: ./exp/shrinkmatch_svhn_250labels_seed2/latest_model.pth
[2023-07-29 16:16:58,491 INFO] confusion matrix:
[[9.63876147e-01 5.16055046e-03 3.44036697e-03 1.14678899e-03
  0.00000000e+00 2.86697248e-03 1.14678899e-02 1.14678899e-03
  2.29357798e-03 8.60091743e-03]
 [8.82525985e-03 9.66464013e-01 3.72622083e-03 2.35340263e-03
  6.66797411e-03 2.35340263e-03 2.15728574e-03 4.11845460e-03
  1.96116886e-03 1.37281820e-03]
 [7.23065799e-04 8.91781152e-03 9.64569776e-01 8.67678959e-03
  4.09737286e-03 5.06146059e-03 1.44613160e-03 2.89226320e-03
  7.23065799e-04 2.89226320e-03]
 [1.38792505e-03 7.98056905e-03 5.55170021e-03 9.58362248e-01
  2.42886884e-03 7.98056905e-03 3.46981263e-03 6.93962526e-04
  5.55170021e-03 6.59264400e-03]
 [3.56718193e-03 2.21957987e-02 1.18906064e-03 3.17082838e-03
  9.63535474e-01 7.92707095e-04 7.92707095e-04 1.58541419e-03
  7.92707095e-04 2.37812128e-03]
 [8.38926174e-04 3.77516779e-03 3.35570470e-03 1.09060403e-02
  3.77516779e-03 9.63087248e-01 7.55033557e-03 1.25838926e-03
  2.09731544e-03 3.35570470e-03]
 [4.55235205e-03 3.03490137e-03 5.05816894e-04 4.04653515e-03
  2.52908447e-03 6.57561963e-03 9.66110268e-01 2.02326758e-03
  7.58725341e-03 3.03490137e-03]
 [1.98117880e-03 2.87270926e-02 3.96235760e-03 6.43883110e-03
  2.47647350e-03 1.98117880e-03 4.95294700e-04 9.51461119e-01
  9.90589401e-04 1.48588410e-03]
 [5.42168675e-03 2.40963855e-03 2.40963855e-03 5.42168675e-03
  3.01204819e-03 3.61445783e-03 1.08433735e-02 0.00000000e+00
  9.62048193e-01 4.81927711e-03]
 [6.89655172e-03 5.01567398e-03 1.50470219e-02 5.01567398e-03
  1.25391850e-03 3.13479624e-03 1.88087774e-03 0.00000000e+00
  5.01567398e-03 9.56739812e-01]]
[2023-07-29 16:16:58,499 INFO] 35000 iteration, USE_EMA: True, {'train/sup_loss': tensor(0.0004, device='cuda:0'), 'train/certain_loss': tensor(0.1034, device='cuda:0'), 'train/shrink_loss': tensor(0.0127, device='cuda:0'), 'train/shrink_loss_reweighted': tensor(0.0120, device='cuda:0'), 'train/removed_class_idx': 2.869563969754796, 'train/uncertainty_avg': 0.6642579372966058, 'train/certain_ratio_ema': 0.9466184631760176, 'train/total_loss': tensor(0.1158, device='cuda:0'), 'train/mask_ratio': tensor(0.9487, device='cuda:0'), 'lr': 0.029968433093775056, 'train/prefecth_time': 0.004661695957183838, 'train/run_time': 0.24304794311523437, 'eval/loss': tensor(0.1796, device='cuda:0'), 'eval/top-1-acc': 0.9624308543331285, 'eval/top-5-acc': 0.9953518746158574, 'eval/precision': 0.9609340692995009, 'eval/recall': 0.961625429772558, 'eval/F1': 0.9612446498037357, 'eval/AUC': 0.997184387086301}, BEST_EVAL_ACC: 0.9624308543331285, at 35000 iters
[2023-07-29 16:16:58,603 INFO] model saved: ./exp/shrinkmatch_svhn_250labels_seed2/model_best.pth
[2023-07-29 16:39:01,236 INFO] model saved: ./exp/shrinkmatch_svhn_250labels_seed2/latest_model.pth
[2023-07-29 16:39:11,590 INFO] confusion matrix:
[[9.65596330e-01 4.58715596e-03 4.01376147e-03 1.14678899e-03
  0.00000000e+00 2.29357798e-03 1.03211009e-02 1.14678899e-03
  1.72018349e-03 9.17431193e-03]
 [7.64855854e-03 9.69405766e-01 3.53010394e-03 2.35340263e-03
  5.88350657e-03 1.56893509e-03 2.15728574e-03 4.90292214e-03
  1.17670131e-03 1.37281820e-03]
 [7.23065799e-04 7.47167992e-03 9.63605688e-01 9.88189925e-03
  3.37430706e-03 5.06146059e-03 1.44613160e-03 3.13328513e-03
  9.64087732e-04 4.33839479e-03]
 [1.73490632e-03 1.00624566e-02 4.85773768e-03 9.53851492e-01
  1.38792505e-03 1.07564192e-02 3.81679389e-03 6.93962526e-04
  5.89868147e-03 6.93962526e-03]
 [3.17082838e-03 2.06103845e-02 1.58541419e-03 3.96353547e-03
  9.63139120e-01 1.18906064e-03 7.92707095e-04 1.98176774e-03
  7.92707095e-04 2.77447483e-03]
 [8.38926174e-04 4.19463087e-03 2.93624161e-03 1.00671141e-02
  3.35570470e-03 9.63926174e-01 7.96979866e-03 1.25838926e-03
  2.09731544e-03 3.35570470e-03]
 [5.05816894e-03 3.03490137e-03 5.05816894e-04 4.04653515e-03
  3.03490137e-03 7.08143652e-03 9.69145169e-01 2.02326758e-03
  5.05816894e-03 1.01163379e-03]
 [1.48588410e-03 2.77365032e-02 6.43883110e-03 2.97176820e-03
  1.98117880e-03 2.47647350e-03 4.95294700e-04 9.53442298e-01
  9.90589401e-04 1.98117880e-03]
 [4.81927711e-03 1.80722892e-03 1.80722892e-03 5.42168675e-03
  3.01204819e-03 3.01204819e-03 1.08433735e-02 0.00000000e+00
  9.64457831e-01 4.81927711e-03]
 [6.89655172e-03 7.52351097e-03 1.50470219e-02 3.76175549e-03
  6.26959248e-04 2.50783699e-03 0.00000000e+00 6.26959248e-04
  5.01567398e-03 9.57993730e-01]]
[2023-07-29 16:39:11,599 INFO] 40000 iteration, USE_EMA: True, {'train/sup_loss': tensor(0.0002, device='cuda:0'), 'train/certain_loss': tensor(0.0737, device='cuda:0'), 'train/shrink_loss': tensor(0.0247, device='cuda:0'), 'train/shrink_loss_reweighted': tensor(0.0234, device='cuda:0'), 'train/removed_class_idx': 2.3076914201186844, 'train/uncertainty_avg': 0.789721852326987, 'train/certain_ratio_ema': 0.9477130111570408, 'train/total_loss': tensor(0.0974, device='cuda:0'), 'train/mask_ratio': tensor(0.9420, device='cuda:0'), 'lr': 0.029958772263417244, 'train/prefecth_time': 0.004807487964630127, 'train/run_time': 0.2411654968261719, 'eval/loss': tensor(0.1740, device='cuda:0'), 'eval/top-1-acc': 0.9631223110018439, 'eval/top-5-acc': 0.9949677320221266, 'eval/precision': 0.9616981666164666, 'eval/recall': 0.962456360018938, 'eval/F1': 0.9620426638463387, 'eval/AUC': 0.9972359367092287}, BEST_EVAL_ACC: 0.9631223110018439, at 40000 iters
[2023-07-29 16:39:12,011 INFO] model saved: ./exp/shrinkmatch_svhn_250labels_seed2/model_best.pth
[2023-07-29 17:01:22,667 INFO] model saved: ./exp/shrinkmatch_svhn_250labels_seed2/latest_model.pth
[2023-07-29 17:01:33,068 INFO] confusion matrix:
[[9.66169725e-01 5.73394495e-03 3.44036697e-03 1.72018349e-03
  0.00000000e+00 3.44036697e-03 8.02752294e-03 1.14678899e-03
  1.72018349e-03 8.60091743e-03]
 [7.25632477e-03 9.69994116e-01 2.94175328e-03 2.15728574e-03
  6.27574034e-03 1.76505197e-03 1.76505197e-03 5.09903903e-03
  1.56893509e-03 1.17670131e-03]
 [7.23065799e-04 9.15883345e-03 9.62159557e-01 1.06049651e-02
  2.65124126e-03 5.78452639e-03 1.68715353e-03 3.61532899e-03
  4.82043866e-04 3.13328513e-03]
 [1.73490632e-03 8.32755031e-03 4.16377516e-03 9.57668286e-01
  2.08188758e-03 1.07564192e-02 3.46981263e-03 1.38792505e-03
  5.20471895e-03 5.20471895e-03]
 [2.77447483e-03 2.10067380e-02 1.58541419e-03 3.56718193e-03
  9.64724534e-01 1.18906064e-03 7.92707095e-04 1.98176774e-03
  7.92707095e-04 1.58541419e-03]
 [8.38926174e-04 4.61409396e-03 2.51677852e-03 1.09060403e-02
  2.93624161e-03 9.64765101e-01 7.13087248e-03 1.67785235e-03
  1.67785235e-03 2.93624161e-03]
 [5.56398584e-03 3.03490137e-03 0.00000000e+00 7.08143652e-03
  2.52908447e-03 1.01163379e-02 9.63581184e-01 1.01163379e-03
  4.55235205e-03 2.52908447e-03]
 [1.98117880e-03 2.72412085e-02 5.94353640e-03 3.46706290e-03
  9.90589401e-04 2.47647350e-03 0.00000000e+00 9.54928182e-01
  1.48588410e-03 1.48588410e-03]
 [5.42168675e-03 3.01204819e-03 1.20481928e-03 5.42168675e-03
  3.61445783e-03 3.61445783e-03 8.43373494e-03 6.02409639e-04
  9.64457831e-01 4.21686747e-03]
 [8.77742947e-03 8.77742947e-03 1.56739812e-02 3.76175549e-03
  0.00000000e+00 1.88087774e-03 6.26959248e-04 6.26959248e-04
  2.50783699e-03 9.57366771e-01]]
[2023-07-29 17:01:33,076 INFO] 45000 iteration, USE_EMA: True, {'train/sup_loss': tensor(0.0004, device='cuda:0'), 'train/certain_loss': tensor(0.0984, device='cuda:0'), 'train/shrink_loss': tensor(0.0136, device='cuda:0'), 'train/shrink_loss_reweighted': tensor(0.0129, device='cuda:0'), 'train/removed_class_idx': 2.5925916323734697, 'train/uncertainty_avg': 0.7552493916400677, 'train/certain_ratio_ema': 0.9486342644027532, 'train/total_loss': tensor(0.1117, device='cuda:0'), 'train/mask_ratio': tensor(0.9397, device='cuda:0'), 'lr': 0.029947824610993785, 'train/prefecth_time': 0.004524928092956543, 'train/run_time': 0.26419537353515626, 'eval/loss': tensor(0.1729, device='cuda:0'), 'eval/top-1-acc': 0.9633527965580824, 'eval/top-5-acc': 0.9951982175783651, 'eval/precision': 0.9624907874717756, 'eval/recall': 0.9625815287017156, 'eval/F1': 0.9625051935526194, 'eval/AUC': 0.9972298056534121}, BEST_EVAL_ACC: 0.9633527965580824, at 45000 iters
[2023-07-29 17:01:34,463 INFO] model saved: ./exp/shrinkmatch_svhn_250labels_seed2/model_best.pth
[2023-07-29 17:23:36,500 INFO] model saved: ./exp/shrinkmatch_svhn_250labels_seed2/latest_model.pth
[2023-07-29 17:24:01,183 INFO] confusion matrix:
[[9.67316514e-01 5.73394495e-03 4.01376147e-03 1.72018349e-03
  0.00000000e+00 2.29357798e-03 9.17431193e-03 1.14678899e-03
  1.72018349e-03 6.88073394e-03]
 [9.02137674e-03 9.69994116e-01 2.54951951e-03 2.74563640e-03
  6.47185723e-03 1.17670131e-03 1.37281820e-03 4.11845460e-03
  1.37281820e-03 1.17670131e-03]
 [9.64087732e-04 8.43576765e-03 9.66738973e-01 7.95372379e-03
  2.89226320e-03 5.78452639e-03 9.64087732e-04 2.41021933e-03
  7.23065799e-04 3.13328513e-03]
 [2.08188758e-03 9.71547536e-03 4.85773768e-03 9.58362248e-01
  1.38792505e-03 9.71547536e-03 3.12283137e-03 6.93962526e-04
  4.85773768e-03 5.20471895e-03]
 [3.96353547e-03 2.14030916e-02 1.18906064e-03 4.35988902e-03
  9.63139120e-01 3.96353547e-04 7.92707095e-04 2.37812128e-03
  7.92707095e-04 1.58541419e-03]
 [8.38926174e-04 5.03355705e-03 3.35570470e-03 1.13255034e-02
  2.51677852e-03 9.63926174e-01 5.87248322e-03 1.25838926e-03
  2.51677852e-03 3.35570470e-03]
 [5.05816894e-03 4.04653515e-03 0.00000000e+00 6.06980273e-03
  3.03490137e-03 7.58725341e-03 9.66110268e-01 1.01163379e-03
  4.55235205e-03 2.52908447e-03]
 [1.98117880e-03 2.87270926e-02 4.95294700e-03 2.47647350e-03
  9.90589401e-04 2.47647350e-03 4.95294700e-04 9.55423477e-01
  1.48588410e-03 9.90589401e-04]
 [7.22891566e-03 3.61445783e-03 1.80722892e-03 5.42168675e-03
  3.61445783e-03 4.21686747e-03 9.63855422e-03 6.02409639e-04
  9.60843373e-01 3.01204819e-03]
 [9.40438871e-03 9.40438871e-03 1.44200627e-02 3.76175549e-03
  6.26959248e-04 2.50783699e-03 6.26959248e-04 6.26959248e-04
  3.13479624e-03 9.55485893e-01]]
[2023-07-29 17:24:01,191 INFO] 50000 iteration, USE_EMA: True, {'train/sup_loss': tensor(0.0005, device='cuda:0'), 'train/certain_loss': tensor(0.1410, device='cuda:0'), 'train/shrink_loss': tensor(0.0288, device='cuda:0'), 'train/shrink_loss_reweighted': tensor(0.0274, device='cuda:0'), 'train/removed_class_idx': 2.8499985750007126, 'train/uncertainty_avg': 0.7828498174536085, 'train/certain_ratio_ema': 0.9498470572641344, 'train/total_loss': tensor(0.1688, device='cuda:0'), 'train/mask_ratio': tensor(0.9554, device='cuda:0'), 'lr': 0.029935590606740264, 'train/prefecth_time': 0.005754176139831543, 'train/run_time': 0.2415765380859375, 'eval/loss': tensor(0.1714, device='cuda:0'), 'eval/top-1-acc': 0.9638905961893055, 'eval/top-5-acc': 0.9952750460971113, 'eval/precision': 0.9631762633433751, 'eval/recall': 0.9627340158494471, 'eval/F1': 0.9629105261222082, 'eval/AUC': 0.9972439194911967}, BEST_EVAL_ACC: 0.9638905961893055, at 50000 iters
[2023-07-29 17:24:03,272 INFO] model saved: ./exp/shrinkmatch_svhn_250labels_seed2/model_best.pth
[2023-07-29 17:46:03,850 INFO] model saved: ./exp/shrinkmatch_svhn_250labels_seed2/latest_model.pth
[2023-07-29 17:46:28,379 INFO] confusion matrix:
[[9.71903670e-01 4.58715596e-03 2.86697248e-03 1.72018349e-03
  0.00000000e+00 2.86697248e-03 6.88073394e-03 1.14678899e-03
  1.72018349e-03 6.30733945e-03]
 [6.47185723e-03 9.71759168e-01 2.74563640e-03 2.35340263e-03
  5.49127280e-03 1.76505197e-03 1.76505197e-03 4.90292214e-03
  1.56893509e-03 1.17670131e-03]
 [9.64087732e-04 8.19474572e-03 9.64569776e-01 8.91781152e-03
  3.37430706e-03 6.50759219e-03 1.44613160e-03 2.65124126e-03
  4.82043866e-04 2.89226320e-03]
 [1.38792505e-03 9.02151284e-03 5.20471895e-03 9.59750173e-01
  1.73490632e-03 7.98056905e-03 3.12283137e-03 3.46981263e-04
  6.24566273e-03 5.20471895e-03]
 [3.96353547e-03 2.29885057e-02 1.18906064e-03 3.96353547e-03
  9.61950059e-01 7.92707095e-04 7.92707095e-04 1.98176774e-03
  7.92707095e-04 1.58541419e-03]
 [8.38926174e-04 4.61409396e-03 3.35570470e-03 1.04865772e-02
  4.19463087e-03 9.63087248e-01 7.55033557e-03 1.25838926e-03
  2.09731544e-03 2.51677852e-03]
 [6.06980273e-03 5.05816894e-03 1.01163379e-03 5.05816894e-03
  3.03490137e-03 6.06980273e-03 9.66110268e-01 1.01163379e-03
  4.04653515e-03 2.52908447e-03]
 [1.98117880e-03 2.47647350e-02 6.93412580e-03 1.98117880e-03
  9.90589401e-04 1.98117880e-03 4.95294700e-04 9.58890540e-01
  4.95294700e-04 1.48588410e-03]
 [6.02409639e-03 3.01204819e-03 1.80722892e-03 5.42168675e-03
  3.01204819e-03 3.01204819e-03 1.02409639e-02 6.02409639e-04
  9.63253012e-01 3.61445783e-03]
 [1.00313480e-02 6.89655172e-03 1.44200627e-02 3.76175549e-03
  1.25391850e-03 3.13479624e-03 1.25391850e-03 0.00000000e+00
  3.76175549e-03 9.55485893e-01]]
[2023-07-29 17:46:28,387 INFO] 55000 iteration, USE_EMA: True, {'train/sup_loss': tensor(0.0003, device='cuda:0'), 'train/certain_loss': tensor(0.1481, device='cuda:0'), 'train/shrink_loss': tensor(0.0216, device='cuda:0'), 'train/shrink_loss_reweighted': tensor(0.0206, device='cuda:0'), 'train/removed_class_idx': 2.944442808642884, 'train/uncertainty_avg': 0.7568184121679606, 'train/certain_ratio_ema': 0.9509531022270734, 'train/total_loss': tensor(0.1690, device='cuda:0'), 'train/mask_ratio': tensor(0.9598, device='cuda:0'), 'lr': 0.02992207077614505, 'train/prefecth_time': 0.005114783763885498, 'train/run_time': 0.24256105041503906, 'eval/loss': tensor(0.1703, device='cuda:0'), 'eval/top-1-acc': 0.9645820528580209, 'eval/top-5-acc': 0.9951982175783651, 'eval/precision': 0.9638608292954336, 'eval/recall': 0.9636759808723887, 'eval/F1': 0.963732651365199, 'eval/AUC': 0.9971821935988296}, BEST_EVAL_ACC: 0.9645820528580209, at 55000 iters
[2023-07-29 17:46:30,636 INFO] model saved: ./exp/shrinkmatch_svhn_250labels_seed2/model_best.pth
[2023-07-29 18:08:30,593 INFO] model saved: ./exp/shrinkmatch_svhn_250labels_seed2/latest_model.pth
[2023-07-29 18:08:41,203 INFO] confusion matrix:
[[9.73050459e-01 4.01376147e-03 2.29357798e-03 1.72018349e-03
  0.00000000e+00 2.29357798e-03 8.60091743e-03 1.14678899e-03
  1.14678899e-03 5.73394495e-03]
 [6.66797411e-03 9.72935870e-01 3.13787017e-03 1.96116886e-03
  5.09903903e-03 1.96116886e-03 1.56893509e-03 4.31457148e-03
  1.17670131e-03 1.17670131e-03]
 [7.23065799e-04 6.74861412e-03 9.67703061e-01 9.39985539e-03
  2.65124126e-03 5.06146059e-03 1.44613160e-03 2.65124126e-03
  1.20510966e-03 2.41021933e-03]
 [2.08188758e-03 8.67453158e-03 4.16377516e-03 9.62179042e-01
  1.04094379e-03 6.93962526e-03 2.08188758e-03 3.46981263e-04
  7.63358779e-03 4.85773768e-03]
 [3.56718193e-03 2.17994451e-02 1.18906064e-03 5.54894966e-03
  9.62346413e-01 7.92707095e-04 7.92707095e-04 1.98176774e-03
  7.92707095e-04 1.18906064e-03]
 [8.38926174e-04 4.19463087e-03 4.61409396e-03 1.34228188e-02
  2.09731544e-03 9.59731544e-01 8.38926174e-03 1.25838926e-03
  2.93624161e-03 2.51677852e-03]
 [7.08143652e-03 3.54071826e-03 0.00000000e+00 6.06980273e-03
  2.02326758e-03 6.06980273e-03 9.66616085e-01 1.51745068e-03
  5.05816894e-03 2.02326758e-03]
 [1.98117880e-03 2.57553244e-02 4.95294700e-03 4.45765230e-03
  9.90589401e-04 4.95294700e-04 4.95294700e-04 9.59385835e-01
  4.95294700e-04 9.90589401e-04]
 [6.02409639e-03 3.01204819e-03 6.02409639e-04 5.42168675e-03
  1.80722892e-03 2.40963855e-03 1.14457831e-02 0.00000000e+00
  9.65060241e-01 4.21686747e-03]
 [6.89655172e-03 5.64263323e-03 1.44200627e-02 4.38871473e-03
  1.25391850e-03 2.50783699e-03 6.26959248e-04 6.26959248e-04
  3.13479624e-03 9.60501567e-01]]
[2023-07-29 18:08:41,212 INFO] 60000 iteration, USE_EMA: True, {'train/sup_loss': tensor(0.0004, device='cuda:0'), 'train/certain_loss': tensor(0.0986, device='cuda:0'), 'train/shrink_loss': tensor(0.0123, device='cuda:0'), 'train/shrink_loss_reweighted': tensor(0.0117, device='cuda:0'), 'train/removed_class_idx': 2.888887283951509, 'train/uncertainty_avg': 0.7645598127714421, 'train/certain_ratio_ema': 0.9512783501209082, 'train/total_loss': tensor(0.1107, device='cuda:0'), 'train/mask_ratio': tensor(0.9598, device='cuda:0'), 'lr': 0.029907265699926754, 'train/prefecth_time': 0.004838655948638916, 'train/run_time': 0.24546499633789062, 'eval/loss': tensor(0.1676, device='cuda:0'), 'eval/top-1-acc': 0.9658881376767056, 'eval/top-5-acc': 0.9954671173939766, 'eval/precision': 0.9649800178050072, 'eval/recall': 0.9649510116339588, 'eval/F1': 0.9649246488934937, 'eval/AUC': 0.997230184653288}, BEST_EVAL_ACC: 0.9658881376767056, at 60000 iters
[2023-07-29 18:08:42,647 INFO] model saved: ./exp/shrinkmatch_svhn_250labels_seed2/model_best.pth
[2023-07-29 18:30:51,970 INFO] model saved: ./exp/shrinkmatch_svhn_250labels_seed2/latest_model.pth
[2023-07-29 18:31:02,359 INFO] confusion matrix:
[[9.71903670e-01 5.16055046e-03 2.86697248e-03 1.14678899e-03
  0.00000000e+00 2.86697248e-03 8.60091743e-03 1.14678899e-03
  1.14678899e-03 5.16055046e-03]
 [6.07962346e-03 9.75289272e-01 2.74563640e-03 1.96116886e-03
  5.09903903e-03 1.56893509e-03 1.17670131e-03 4.11845460e-03
  1.17670131e-03 7.84467543e-04]
 [7.23065799e-04 8.43576765e-03 9.67944083e-01 7.23065799e-03
  3.61532899e-03 4.57941673e-03 1.20510966e-03 2.41021933e-03
  9.64087732e-04 2.89226320e-03]
 [1.38792505e-03 1.07564192e-02 4.85773768e-03 9.56974323e-01
  1.38792505e-03 9.02151284e-03 3.81679389e-03 1.04094379e-03
  6.24566273e-03 4.51075642e-03]
 [1.98176774e-03 2.21957987e-02 1.58541419e-03 2.37812128e-03
  9.65913595e-01 7.92707095e-04 7.92707095e-04 2.37812128e-03
  7.92707095e-04 1.18906064e-03]
 [8.38926174e-04 5.03355705e-03 3.35570470e-03 1.04865772e-02
  2.51677852e-03 9.64345638e-01 7.55033557e-03 8.38926174e-04
  2.09731544e-03 2.93624161e-03]
 [7.08143652e-03 4.04653515e-03 0.00000000e+00 5.56398584e-03
